[0.0, 0.732, 0.268, 0.0258]
[0.0, 0.818, 0.182, 0.4404]
[0.0, 1.0, 0.0, 0.0]
[0.118, 0.882, 0.0, -0.25]
[0.0, 1.0, 0.0, 0.0]
[0.0, 0.856, 0.144, 0.4939]
[0.0, 1.0, 0.0, 0.0]
[0.0, 1.0, 0.0, 0.0]
[0.194, 0.806, 0.0, -0.34]
[0.09, 0.832, 0.078, -0.09]
[0.477, 0.296, 0.227, -0.3678]
[0.094, 0.716, 0.19, 0.397]
[0.342, 0.342, 0.316, -0.0384]
[0.391, 0.609, 0.0, -0.836]
[0.0, 0.933, 0.067, 0.3818]
[0.208, 0.62, 0.172, -0.2565]
[0.0, 0.766, 0.234, 0.7269]
[0.0, 0.903, 0.097, 0.4199]
[0.0, 0.939, 0.061, 0.0772]
[0.0, 1.0, 0.0, 0.0]
[0.099, 0.632, 0.269, 0.7346]
[0.16, 0.84, 0.0, -0.3559]
[0.066, 0.807, 0.127, 0.2732]
[0.099, 0.809, 0.092, -0.0516]
[0.0, 0.868, 0.132, 0.4939]
[0.0, 0.828, 0.172, 0.4019]
[0.148, 0.852, 0.0, -0.5423]
[0.59, 0.41, 0.0, -0.8887]
[0.096, 0.677, 0.226, 0.6068]
[0.139, 0.697, 0.164, -0.1027]
[0.0, 0.942, 0.058, 0.0772]
[0.0, 1.0, 0.0, 0.0]
[0.04, 0.836, 0.124, 0.5267]
[0.0, 0.851, 0.149, 0.4939]
[0.463, 0.537, 0.0, -0.7845]
[0.659, 0.341, 0.0, -0.7741]
[0.176, 0.64, 0.184, 0.0258]
[0.079, 0.921, 0.0, -0.2457]
[0.245, 0.617, 0.139, -0.5789]
[0.0, 1.0, 0.0, 0.0]
[0.087, 0.913, 0.0, -0.25]
[0.286, 0.714, 0.0, -0.6808]
[0.0, 0.818, 0.182, 0.4588]
[0.0, 0.833, 0.167, 0.5574]
[0.0, 0.785, 0.215, 0.802]
[0.348, 0.497, 0.155, -0.4767]
[0.0, 0.773, 0.227, 0.6124]
[0.147, 0.853, 0.0, -0.4767]
[0.263, 0.737, 0.0, -0.7579]
[0.0, 1.0, 0.0, 0.0]
[0.146, 0.854, 0.0, -0.5562]
[0.173, 0.641, 0.186, 0.0516]
[0.0, 0.598, 0.402, 0.8779]
[0.193, 0.807, 0.0, -0.4767]
[0.315, 0.685, 0.0, -0.5574]
[0.2, 0.348, 0.452, 0.4404]
[0.0, 0.576, 0.424, 0.8957]
[0.0, 1.0, 0.0, 0.0]
[0.0, 0.856, 0.144, 0.4019]
[0.0, 0.739, 0.261, 0.5574]
[0.576, 0.424, 0.0, -0.8591]
[0.255, 0.612, 0.133, -0.5574]
[0.161, 0.784, 0.054, -0.5994]
[0.128, 0.638, 0.234, 0.128]
[0.0, 0.933, 0.067, 0.1154]
[0.0, 0.815, 0.185, 0.34]
[0.099, 0.707, 0.194, 0.2509]
[0.086, 0.72, 0.194, 0.4404]
[0.195, 0.692, 0.113, -0.3182]
[0.0, 1.0, 0.0, 0.0]
[0.0, 1.0, 0.0, 0.0]
[0.161, 0.713, 0.126, -0.144]
[0.0, 0.859, 0.141, 0.4215]
[0.0, 1.0, 0.0, 0.0]
[0.0, 0.583, 0.417, 0.2846]
[0.102, 0.898, 0.0, -0.5267]
[0.0, 1.0, 0.0, 0.0]
[0.109, 0.786, 0.105, -0.0258]
[0.119, 0.881, 0.0, -0.2235]
[0.195, 0.719, 0.085, -0.4824]
[0.0, 0.845, 0.155, 0.5095]
[0.139, 0.757, 0.104, -0.4215]
[0.084, 0.755, 0.162, 0.4402]
[0.067, 0.787, 0.146, 0.4019]
[0.404, 0.596, 0.0, -0.7269]
[0.0, 1.0, 0.0, 0.0]
[0.0, 0.778, 0.222, 0.875]
[0.0, 0.849, 0.151, 0.4767]
[0.075, 0.902, 0.024, -0.3239]
[0.11, 0.726, 0.164, 0.1779]
[0.098, 0.42, 0.482, 0.8497]
[0.0, 0.707, 0.293, 0.4404]
[0.0, 1.0, 0.0, 0.0]
[0.0, 0.762, 0.238, 0.3612]
[0.0, 0.631, 0.369, 0.802]
[0.227, 0.588, 0.185, -0.1263]
[0.115, 0.836, 0.05, -0.3612]
[0.0, 0.766, 0.234, 0.5994]
[0.0, 1.0, 0.0, 0.0]
[0.0, 1.0, 0.0, 0.0]
[0.318, 0.513, 0.169, -0.4391]
[0.51, 0.49, 0.0, -0.6369]
[0.096, 0.746, 0.158, 0.34]
[0.0, 0.917, 0.083, 0.2263]
[0.0, 1.0, 0.0, 0.0]
[0.091, 0.689, 0.22, 0.7715]
[0.156, 0.761, 0.083, -0.2486]
[0.175, 0.707, 0.119, -0.1263]
[0.263, 0.737, 0.0, -0.3612]
[0.275, 0.725, 0.0, -0.8344]
[0.0, 0.925, 0.075, 0.2732]
[0.144, 0.856, 0.0, -0.4019]
[0.146, 0.854, 0.0, -0.8201]
[0.589, 0.411, 0.0, -0.6486]
[0.0, 1.0, 0.0, 0.0]
[0.23, 0.537, 0.233, -0.2382]
[0.078, 0.643, 0.278, 0.631]
[0.305, 0.627, 0.068, -0.8585]
[0.073, 0.927, 0.0, -0.3182]
[0.221, 0.548, 0.231, 0.0451]
[0.059, 0.798, 0.143, 0.4576]
[0.091, 0.909, 0.0, -0.2263]
[0.068, 0.889, 0.043, -0.2263]
[0.2, 0.571, 0.229, -0.0258]
[0.068, 0.932, 0.0, -0.296]
[0.0, 1.0, 0.0, 0.0]
[0.138, 0.714, 0.148, 0.1027]
[0.273, 0.727, 0.0, -0.3089]
[0.0, 1.0, 0.0, 0.0]
[0.0, 0.545, 0.455, 0.3612]
[0.0, 0.929, 0.071, 0.296]
[0.149, 0.851, 0.0, -0.4215]
[0.271, 0.598, 0.13, -0.3804]
[0.196, 0.706, 0.099, -0.3337]
[0.0, 0.8, 0.2, 0.6124]
[0.2, 0.692, 0.108, -0.2782]
[0.181, 0.633, 0.186, 0.0258]
[0.0, 0.822, 0.178, 0.5927]
[0.0, 0.848, 0.152, 0.3612]
[0.214, 0.462, 0.324, 0.2263]
[0.088, 0.727, 0.185, 0.4939]
[0.053, 0.824, 0.123, 0.3016]
[0.0, 0.775, 0.225, 0.4939]
[0.0, 0.687, 0.313, 0.9273]
[0.078, 0.619, 0.303, 0.785]
[0.125, 0.69, 0.186, 0.5106]
[0.636, 0.364, 0.0, -0.5423]
[0.088, 0.741, 0.171, 0.6124]
[0.0, 1.0, 0.0, 0.0]
[0.0, 0.76, 0.24, 0.743]
[0.0, 1.0, 0.0, 0.0]
[0.0, 1.0, 0.0, 0.0]
[0.471, 0.529, 0.0, -0.8271]
[0.73, 0.27, 0.0, -0.4019]
[0.0, 0.853, 0.147, 0.4767]
[0.0, 0.824, 0.176, 0.4939]
[0.187, 0.722, 0.091, -0.6077]
[0.109, 0.891, 0.0, -0.296]
[0.165, 0.789, 0.047, -0.5106]
[0.1, 0.695, 0.206, 0.4555]
[0.0, 0.667, 0.333, 0.7184]
[0.0, 0.948, 0.052, 0.0258]
[0.51, 0.49, 0.0, -0.6369]
[0.147, 0.767, 0.086, -0.4404]
[0.156, 0.684, 0.16, 0.0258]
[0.0, 1.0, 0.0, 0.0]
[0.0, 1.0, 0.0, 0.0]
[0.29, 0.71, 0.0, -0.6501]
[0.16, 0.84, 0.0, -0.2732]
[0.07, 0.713, 0.218, 0.6038]
[0.295, 0.705, 0.0, -0.5574]
[0.172, 0.763, 0.065, -0.4991]
[0.0, 0.881, 0.119, 0.4019]
[0.244, 0.756, 0.0, -0.4404]
[0.0, 1.0, 0.0, 0.0]
[0.431, 0.498, 0.071, -0.865]
[0.0, 1.0, 0.0, 0.0]
[0.138, 0.555, 0.306, 0.7234]
[0.294, 0.558, 0.147, -0.4404]
[0.126, 0.874, 0.0, -0.3182]
[0.767, 0.233, 0.0, -0.5095]
[0.123, 0.877, 0.0, -0.4717]
[0.0, 0.65, 0.35, 0.8225]
[0.0, 0.891, 0.109, 0.0258]
[0.089, 0.857, 0.054, -0.25]
[0.517, 0.0, 0.483, -0.0516]
[0.0, 0.699, 0.301, 0.2846]
[0.068, 0.553, 0.379, 0.8074]
[0.0, 1.0, 0.0, 0.0]
[0.0, 0.809, 0.191, 0.6369]
[0.216, 0.669, 0.115, -0.4497]
[0.0, 1.0, 0.0, 0.0]
[0.196, 0.667, 0.137, -0.1779]
[0.127, 0.873, 0.0, -0.4939]
[0.098, 0.773, 0.129, 0.1531]
[0.0, 1.0, 0.0, 0.0]
[0.0, 1.0, 0.0, 0.0]
[0.0, 1.0, 0.0, 0.0]
[0.379, 0.42, 0.202, -0.6397]
[0.146, 0.854, 0.0, -0.5574]
[0.0, 0.78, 0.22, 0.775]
[0.094, 0.782, 0.124, 0.0258]
[0.382, 0.504, 0.113, -0.7506]
[0.085, 0.915, 0.0, -0.2183]
[0.163, 0.688, 0.15, -0.0516]
[0.0, 0.846, 0.154, 0.25]
[0.338, 0.525, 0.136, -0.76]
[0.112, 0.888, 0.0, -0.3412]
[0.0, 1.0, 0.0, 0.0]
[0.154, 0.737, 0.108, -0.2361]
[0.338, 0.662, 0.0, -0.6808]
[0.357, 0.541, 0.102, -0.8166]
[0.0, 0.887, 0.113, 0.2272]
[0.0, 0.778, 0.222, 0.4588]
[0.0, 0.827, 0.173, 0.5859]
[0.087, 0.787, 0.125, 0.2052]
[0.301, 0.699, 0.0, -0.7096]
[0.045, 0.711, 0.243, 0.875]
[0.168, 0.715, 0.117, -0.2484]
[0.0, 1.0, 0.0, 0.0]
[0.175, 0.625, 0.2, 0.1027]
[0.109, 0.746, 0.144, 0.1027]
[0.178, 0.617, 0.205, -0.0129]
[0.394, 0.606, 0.0, -0.3818]
[0.155, 0.559, 0.286, 0.6428]
[0.0, 1.0, 0.0, 0.0]
[0.0, 1.0, 0.0, 0.0]
[0.081, 0.565, 0.353, 0.7717]
[0.451, 0.549, 0.0, -0.6249]
[0.0, 1.0, 0.0, 0.0]
[0.362, 0.638, 0.0, -0.6249]
[0.084, 0.812, 0.104, -0.09]
[0.135, 0.865, 0.0, -0.3252]
[0.0, 0.719, 0.281, 0.6486]
[0.131, 0.707, 0.162, 0.0118]
[0.191, 0.809, 0.0, -0.3804]
[0.314, 0.686, 0.0, -0.4939]
[0.0, 0.802, 0.198, 0.6027]
[0.0, 0.793, 0.207, 0.6059]
[0.161, 0.839, 0.0, -0.5574]
[0.1, 0.636, 0.264, 0.5574]
[0.0, 0.773, 0.227, 0.6779]
[0.0, 1.0, 0.0, 0.0]
[0.0, 1.0, 0.0, 0.0]
[0.23, 0.612, 0.158, -0.1027]
[0.315, 0.685, 0.0, -0.5574]
[0.226, 0.63, 0.144, -0.2078]
[0.069, 0.836, 0.096, 0.2263]
[0.0, 1.0, 0.0, 0.0]
[0.0, 0.96, 0.04, 0.0772]
[0.0, 0.892, 0.108, 0.3182]
[0.0, 0.583, 0.417, 0.8617]
[0.623, 0.377, 0.0, -0.5106]
[0.25, 0.395, 0.355, 0.1531]
[0.286, 0.714, 0.0, -0.7184]
[0.0, 1.0, 0.0, 0.0]
[0.457, 0.143, 0.4, -0.1027]
[0.0, 0.887, 0.113, 0.4939]
[0.105, 0.787, 0.109, 0.0258]
[0.24, 0.76, 0.0, -0.743]
[0.0, 1.0, 0.0, 0.0]
[0.066, 0.829, 0.105, 0.1779]
[0.217, 0.68, 0.104, -0.5423]
[0.0, 1.0, 0.0, 0.0]
[0.072, 0.775, 0.153, 0.4492]
[0.0, 0.874, 0.126, 0.3182]
[0.072, 0.928, 0.0, -0.3089]
[0.0, 0.906, 0.094, 0.4404]
[0.128, 0.587, 0.285, 0.5499]
[0.133, 0.69, 0.177, 0.2259]
[0.178, 0.72, 0.102, -0.2462]
[0.0, 1.0, 0.0, 0.0]
[0.387, 0.464, 0.149, -0.802]
[0.199, 0.725, 0.076, -0.6249]
[0.0, 0.732, 0.268, 0.0258]
[0.0, 0.954, 0.046, 0.0258]
[0.323, 0.677, 0.0, -0.8885]
[0.0, 1.0, 0.0, 0.0]
[0.608, 0.392, 0.0, -0.7351]
[0.0, 0.815, 0.185, 0.3612]
[0.178, 0.822, 0.0, -0.4404]
[0.0, 0.827, 0.173, 0.4995]
[0.14, 0.643, 0.216, 0.3182]
[0.13, 0.87, 0.0, -0.34]
[0.095, 0.682, 0.223, 0.7517]
[0.0, 0.763, 0.237, 0.8126]
[0.0, 0.766, 0.234, 0.7506]
[0.047, 0.884, 0.069, 0.1984]
[0.126, 0.785, 0.089, -0.2732]
[0.724, 0.276, 0.0, -0.8885]
[0.088, 0.786, 0.126, 0.0204]
[0.0, 1.0, 0.0, 0.0]
[0.111, 0.889, 0.0, -0.25]
[0.215, 0.64, 0.145, -0.34]
[0.085, 0.823, 0.092, -0.1779]
[0.337, 0.371, 0.292, 0.0067]
[0.144, 0.856, 0.0, -0.6765]
[0.0, 1.0, 0.0, 0.0]
[0.07, 0.732, 0.197, 0.6124]
[0.09, 0.752, 0.158, 0.4215]
[0.0, 1.0, 0.0, 0.0]
[0.235, 0.7, 0.065, -0.5267]
[0.212, 0.721, 0.067, -0.6606]
[0.0, 0.698, 0.302, 0.3818]
[0.225, 0.434, 0.341, 0.5106]
[0.118, 0.694, 0.188, 0.25]
[0.243, 0.709, 0.048, -0.8268]
[0.058, 0.942, 0.0, -0.1531]
[0.253, 0.643, 0.104, -0.6361]
[0.0, 0.82, 0.18, 0.8769]
[0.0, 0.758, 0.242, 0.7897]
[0.0, 1.0, 0.0, 0.0]
[0.0, 1.0, 0.0, 0.0]
[0.0, 0.884, 0.116, 0.4404]
[0.07, 0.93, 0.0, -0.0516]
[0.086, 0.723, 0.191, 0.1901]
[0.105, 0.682, 0.213, 0.5859]
[0.0, 0.889, 0.111, 0.1901]
[0.104, 0.731, 0.165, 0.1531]
[0.0, 1.0, 0.0, 0.0]
[0.0, 1.0, 0.0, 0.0]
[0.0, 0.692, 0.308, 0.5994]
[0.157, 0.635, 0.208, 0.25]
[0.188, 0.688, 0.124, -0.34]
[0.0, 0.697, 0.303, 0.875]
[0.132, 0.775, 0.094, -0.2926]
[0.0, 0.774, 0.226, 0.3632]
[0.63, 0.37, 0.0, -0.5267]
[0.276, 0.724, 0.0, -0.4939]
[0.0, 0.861, 0.139, 0.2732]
[0.0, 1.0, 0.0, 0.0]
[0.256, 0.744, 0.0, -0.8519]
[0.455, 0.545, 0.0, -0.6124]
[0.0, 0.765, 0.235, 0.4144]
[0.112, 0.761, 0.127, 0.0772]
[0.0, 1.0, 0.0, 0.0]
[0.062, 0.751, 0.188, 0.7488]
[0.103, 0.816, 0.082, -0.2023]
[0.0, 1.0, 0.0, 0.0]
[0.0, 0.897, 0.103, 0.4588]
[0.219, 0.781, 0.0, -0.6808]
[0.0, 1.0, 0.0, 0.0]
[0.158, 0.71, 0.133, 0.1126]
[0.102, 0.739, 0.159, 0.25]
[0.091, 0.909, 0.0, -0.25]
[0.0, 0.893, 0.107, 0.2023]
[0.123, 0.877, 0.0, -0.4497]
[0.0, 0.954, 0.046, 0.2263]
[0.405, 0.331, 0.264, -0.1779]
[0.0, 0.812, 0.188, 0.1585]
[0.15, 0.732, 0.118, 0.0516]
[0.109, 0.891, 0.0, -0.3744]
[0.115, 0.794, 0.091, 0.0818]
[0.086, 0.762, 0.152, 0.2732]
[0.0, 0.829, 0.171, 0.5719]
[0.0, 1.0, 0.0, 0.0]
[0.111, 0.741, 0.148, 0.2865]
[0.049, 0.769, 0.182, 0.5859]
[0.0, 0.622, 0.378, 0.8176]
[0.0, 0.741, 0.259, 0.6369]
[0.0, 0.769, 0.231, 0.5859]
[0.0, 0.94, 0.06, 0.2922]
[0.0, 0.94, 0.06, 0.2732]
[0.531, 0.469, 0.0, -0.5256]
[0.164, 0.751, 0.085, -0.3182]
[0.0, 0.812, 0.188, 0.2144]
[0.0, 1.0, 0.0, 0.0]
[0.0, 0.884, 0.116, 0.3612]
[0.0, 1.0, 0.0, 0.0]
[0.111, 0.787, 0.102, -0.0772]
[0.0, 0.864, 0.136, 0.6369]
[0.112, 0.763, 0.125, 0.068]
[0.0, 1.0, 0.0, 0.0]
[0.0, 0.633, 0.367, 0.4404]
[0.104, 0.767, 0.129, 0.1154]
[0.1, 0.706, 0.194, 0.5226]
[0.0, 0.923, 0.077, 0.25]
[0.119, 0.468, 0.413, 0.8004]
[0.054, 0.83, 0.116, 0.3597]
[0.247, 0.753, 0.0, -0.3182]
[0.327, 0.513, 0.16, -0.3818]
[0.0, 0.594, 0.406, 0.7351]
[0.163, 0.674, 0.163, 0.0]
[0.0, 0.707, 0.293, 0.4404]
[0.0, 1.0, 0.0, 0.0]
[0.3, 0.7, 0.0, -0.8074]
[0.0, 0.667, 0.333, 0.6705]
[0.111, 0.738, 0.152, 0.25]
[0.0, 1.0, 0.0, 0.0]
[0.286, 0.714, 0.0, -0.1531]
[0.0, 0.775, 0.225, 0.4404]
[0.0, 0.732, 0.268, 0.5106]
[0.154, 0.779, 0.067, -0.4588]
[0.0, 1.0, 0.0, 0.0]
[0.0, 0.775, 0.225, 0.541]
[0.087, 0.823, 0.09, 0.0387]
[0.394, 0.606, 0.0, -0.8316]
[0.0, 0.828, 0.172, 0.4019]
[0.0, 1.0, 0.0, 0.0]
[0.0, 0.928, 0.072, 0.1779]
[0.097, 0.761, 0.142, 0.0772]
[0.0, 0.8, 0.2, 0.3612]
[0.0, 0.773, 0.227, 0.6486]
[0.0, 0.914, 0.086, 0.1531]
[0.0, 0.66, 0.34, 0.8511]
[0.0, 1.0, 0.0, 0.0]
[0.349, 0.241, 0.41, 0.128]
[0.181, 0.581, 0.239, 0.2263]
[0.114, 0.691, 0.195, 0.33]
[0.104, 0.643, 0.253, 0.501]
[0.115, 0.842, 0.043, -0.5429]
[0.23, 0.77, 0.0, -0.8501]
[0.154, 0.846, 0.0, -0.4767]
[0.0, 0.825, 0.175, 0.6486]
[0.0, 0.743, 0.257, 0.7845]
[0.224, 0.776, 0.0, -0.3818]
[0.0, 0.812, 0.188, 0.3724]
[0.326, 0.674, 0.0, -0.8031]
[0.076, 0.763, 0.16, 0.296]
[0.0, 0.858, 0.142, 0.5859]
[0.0, 1.0, 0.0, 0.0]
[0.0, 1.0, 0.0, 0.0]
[0.0, 0.813, 0.188, 0.25]
[0.27, 0.495, 0.234, -0.2023]
[0.0, 0.784, 0.216, 0.431]
[0.139, 0.696, 0.165, 0.1027]
[0.226, 0.774, 0.0, -0.7906]
[0.113, 0.764, 0.124, 0.0772]
[0.063, 0.789, 0.147, 0.4939]
[0.118, 0.882, 0.0, -0.25]
[0.0, 0.787, 0.213, 0.5859]
[0.324, 0.61, 0.066, -0.8658]
[0.0, 0.89, 0.11, 0.4497]
[0.0, 1.0, 0.0, 0.0]
[0.25, 0.577, 0.173, -0.296]
[0.117, 0.766, 0.117, 0.0]
[0.216, 0.699, 0.085, -0.5106]
[0.12, 0.62, 0.26, 0.5267]
[0.346, 0.654, 0.0, -0.5719]
[0.0, 0.787, 0.213, 0.6597]
[0.0, 1.0, 0.0, 0.0]
[0.0, 0.891, 0.109, 0.4019]
[0.288, 0.635, 0.077, -0.743]
[0.0, 0.8, 0.2, 0.3612]
[0.245, 0.646, 0.109, -0.6124]
[0.101, 0.799, 0.101, 0.0]
[0.216, 0.784, 0.0, -0.296]
[0.0, 1.0, 0.0, 0.0]
[0.0, 0.833, 0.167, 0.765]
[0.0, 0.644, 0.356, 0.8343]
[0.0, 0.894, 0.106, 0.3612]
[0.13, 0.488, 0.382, 0.852]
[0.0, 0.845, 0.155, 0.296]
[0.172, 0.657, 0.17, -0.0077]
[0.54, 0.46, 0.0, -0.6908]
[0.365, 0.635, 0.0, -0.3182]
[0.0, 0.889, 0.111, 0.25]
[0.0, 1.0, 0.0, 0.0]
[0.333, 0.667, 0.0, -0.7906]
[0.0, 0.698, 0.302, 0.6369]
[0.079, 0.655, 0.266, 0.8074]
[0.0, 0.862, 0.138, 0.7377]
[0.0, 1.0, 0.0, 0.0]
[0.0, 1.0, 0.0, 0.0]
[0.0, 0.703, 0.297, 0.3687]
[0.317, 0.41, 0.273, -0.0834]
[0.065, 0.862, 0.073, 0.0772]
[0.0, 0.875, 0.125, 0.3182]
[0.163, 0.691, 0.146, -0.1045]
[0.177, 0.645, 0.177, 0.0]
[0.0, 0.556, 0.444, 0.1531]
[0.119, 0.881, 0.0, -0.4019]
[0.123, 0.877, 0.0, -0.2732]
[0.143, 0.857, 0.0, -0.3612]
[0.0, 0.801, 0.199, 0.6378]
[0.248, 0.685, 0.067, -0.8225]
[0.103, 0.897, 0.0, -0.34]
[0.182, 0.818, 0.0, -0.25]
[0.152, 0.848, 0.0, -0.3612]
[0.0, 0.865, 0.135, 0.3612]
[0.0, 1.0, 0.0, 0.0]
[0.344, 0.656, 0.0, -0.2732]
[0.375, 0.625, 0.0, -0.3818]
[0.105, 0.691, 0.204, 0.5106]
[0.0, 1.0, 0.0, 0.0]
[0.12, 0.435, 0.446, 0.7184]
[0.556, 0.444, 0.0, -0.3612]
[0.0, 0.841, 0.159, 0.6486]
[0.0, 1.0, 0.0, 0.0]
[0.057, 0.857, 0.086, 0.2023]
[0.295, 0.647, 0.058, -0.7645]
[0.0, 0.736, 0.264, 0.4336]
[0.1, 0.8, 0.1, 0.0]
[0.144, 0.631, 0.225, 0.4939]
[0.191, 0.712, 0.097, -0.4417]
[0.0, 0.78, 0.22, 0.4767]
[0.256, 0.579, 0.165, -0.2732]
[0.135, 0.865, 0.0, -0.2023]
[0.103, 0.897, 0.0, -0.4588]
[0.0, 1.0, 0.0, 0.0]
[0.479, 0.429, 0.093, -0.6602]
[0.179, 0.552, 0.269, 0.6251]
[0.231, 0.769, 0.0, -0.6249]
[0.129, 0.706, 0.165, 0.1531]
[0.094, 0.729, 0.176, 0.4019]
[0.085, 0.699, 0.217, 0.5574]
[0.0, 1.0, 0.0, 0.0]
[0.0, 0.847, 0.153, 0.3818]
[0.0, 1.0, 0.0, 0.0]
[0.0, 1.0, 0.0, 0.0]
[0.225, 0.449, 0.326, 0.2263]
[0.0, 1.0, 0.0, 0.0]
[0.0, 0.859, 0.141, 0.3182]
[0.332, 0.668, 0.0, -0.9252]
[0.0, 1.0, 0.0, 0.0]
[0.0, 0.668, 0.332, 0.7884]
[0.0, 1.0, 0.0, 0.0]
[0.0, 1.0, 0.0, 0.0]
[0.08, 0.92, 0.0, -0.1027]
[0.0, 0.847, 0.153, 0.5574]
[0.138, 0.697, 0.165, 0.2111]
[0.243, 0.757, 0.0, -0.5423]
[0.0, 1.0, 0.0, 0.0]
[0.0, 0.923, 0.077, 0.3612]
[0.0, 0.656, 0.344, 0.2732]
[0.051, 0.767, 0.182, 0.6856]
[0.0, 1.0, 0.0, 0.0]
[0.0, 1.0, 0.0, 0.0]
[0.084, 0.916, 0.0, -0.296]
[0.08, 0.629, 0.291, 0.6932]
[0.0, 1.0, 0.0, 0.0]
[0.089, 0.817, 0.094, 0.0258]
[0.322, 0.678, 0.0, -0.765]
[0.112, 0.643, 0.245, 0.5145]
[0.0, 0.909, 0.091, 0.4019]
[0.383, 0.37, 0.247, -0.582]
[0.179, 0.655, 0.166, -0.3182]
[0.0, 0.877, 0.123, 0.2732]
[0.074, 0.679, 0.247, 0.4215]
[0.182, 0.818, 0.0, -0.4404]
[0.095, 0.702, 0.203, 0.684]
[0.0, 0.711, 0.289, 0.7579]
[0.181, 0.706, 0.113, -0.5446]
[0.218, 0.673, 0.108, -0.4482]
[0.0, 0.881, 0.119, 0.4019]
[0.063, 0.677, 0.26, 0.8288]
[0.0, 1.0, 0.0, 0.0]
[0.109, 0.852, 0.039, -0.3919]
[0.0, 0.4, 0.6, 0.8176]
[0.0, 1.0, 0.0, 0.0]
[0.0, 0.737, 0.263, 0.818]
[0.0, 1.0, 0.0, 0.0]
[0.0, 1.0, 0.0, 0.0]
[0.0, 0.541, 0.459, 0.6231]
[0.0, 0.682, 0.318, 0.6187]
[0.0, 0.867, 0.133, 0.397]
[0.087, 0.591, 0.322, 0.8979]
[0.0, 0.673, 0.327, 0.5267]
[0.0, 0.669, 0.331, 0.836]
[0.254, 0.663, 0.083, -0.6326]
[0.167, 0.575, 0.258, 0.3182]
[0.0, 0.859, 0.141, 0.5096]
[0.0, 0.752, 0.248, 0.6077]
[0.0, 1.0, 0.0, 0.0]
[0.217, 0.722, 0.061, -0.4215]
[0.094, 0.906, 0.0, -0.4019]
[0.291, 0.506, 0.202, -0.3138]
[0.0, 0.81, 0.19, 0.4574]
[0.0, 0.729, 0.271, 0.8979]
[0.0, 0.721, 0.279, 0.7003]
[0.0, 0.875, 0.125, 0.7184]
[0.347, 0.653, 0.0, -0.7096]
[0.064, 0.609, 0.327, 0.8294]
[0.0, 1.0, 0.0, 0.0]
[0.244, 0.756, 0.0, -0.4404]
[0.109, 0.769, 0.122, 0.0757]
[0.0, 0.423, 0.577, 0.8481]
[0.212, 0.549, 0.238, 0.1779]
[0.082, 0.833, 0.085, 0.0258]
[0.236, 0.593, 0.171, -0.4527]
[0.0, 0.945, 0.055, 0.0258]
[0.222, 0.536, 0.242, 0.0697]
[0.691, 0.309, 0.0, -0.7717]
[0.0, 0.788, 0.212, 0.4159]
[0.29, 0.71, 0.0, -0.6486]
[0.149, 0.851, 0.0, -0.4215]
[0.293, 0.517, 0.19, -0.1531]
[0.0, 1.0, 0.0, 0.0]
[0.0, 1.0, 0.0, 0.0]
[0.482, 0.284, 0.234, -0.3612]
[0.481, 0.265, 0.254, -0.7184]
[0.147, 0.529, 0.323, 0.4585]
[0.0, 1.0, 0.0, 0.0]
[0.344, 0.656, 0.0, -0.2732]
[0.198, 0.771, 0.031, -0.836]
[0.202, 0.798, 0.0, -0.5106]
[0.133, 0.742, 0.125, -0.344]
[0.097, 0.82, 0.082, -0.1298]
[0.284, 0.453, 0.264, -0.1136]
[0.0, 1.0, 0.0, 0.0]
[0.145, 0.685, 0.169, 0.1531]
[0.42, 0.58, 0.0, -0.4404]
[0.301, 0.699, 0.0, -0.6808]
[0.103, 0.802, 0.095, -0.0516]
[0.224, 0.776, 0.0, -0.8173]
[0.0, 0.673, 0.327, 0.7783]
[0.0, 1.0, 0.0, 0.0]
[0.0, 1.0, 0.0, 0.0]
[0.26, 0.519, 0.221, -0.0772]
[0.137, 0.863, 0.0, -0.4023]
[0.0, 0.853, 0.147, 0.2263]
[0.127, 0.873, 0.0, -0.5423]
[0.154, 0.846, 0.0, -0.7469]
[0.135, 0.798, 0.067, -0.2732]
[0.0, 0.8, 0.2, 0.5023]
[0.211, 0.789, 0.0, -0.6808]
[0.315, 0.685, 0.0, -0.9169]
[0.223, 0.777, 0.0, -0.3182]
[0.236, 0.61, 0.154, -0.4767]
[0.22, 0.628, 0.152, -0.128]
[0.068, 0.837, 0.096, 0.1779]
[0.0, 1.0, 0.0, 0.0]
[0.223, 0.446, 0.331, 0.1779]
[0.2, 0.686, 0.114, -0.2201]
[0.112, 0.543, 0.345, 0.7184]
[0.095, 0.808, 0.098, 0.0276]
[0.169, 0.625, 0.206, 0.1526]
[0.326, 0.349, 0.326, 0.0]
[0.266, 0.633, 0.101, -0.6369]
[0.331, 0.669, 0.0, -0.8553]
[0.225, 0.634, 0.141, -0.34]
[0.187, 0.813, 0.0, -0.5994]
[0.0, 0.816, 0.184, 0.7425]
[0.0, 0.891, 0.109, 0.2382]
[0.078, 0.922, 0.0, -0.296]
[0.0, 1.0, 0.0, 0.0]
[0.0, 0.71, 0.29, 0.5423]
[0.207, 0.496, 0.298, 0.2732]
[0.0, 0.76, 0.24, 0.6249]
[0.714, 0.286, 0.0, -0.3612]
[0.168, 0.667, 0.165, -0.0258]
[0.156, 0.699, 0.145, -0.0516]
[0.179, 0.718, 0.103, -0.3612]
[0.126, 0.819, 0.055, -0.5023]
[0.0, 0.844, 0.156, 0.2144]
[0.0, 0.787, 0.213, 0.5574]
[0.064, 0.854, 0.082, 0.128]
[0.0, 0.759, 0.241, 0.6858]
[0.0, 0.915, 0.085, 0.3412]
[0.0, 1.0, 0.0, 0.0]
[0.0, 0.778, 0.222, 0.8462]
[0.0, 0.857, 0.143, 0.3612]
[0.293, 0.707, 0.0, -0.6297]
[0.228, 0.656, 0.116, -0.4404]
[0.0, 1.0, 0.0, 0.0]
[0.0, 1.0, 0.0, 0.0]
[0.173, 0.827, 0.0, -0.3182]
[0.118, 0.882, 0.0, -0.4215]
[0.164, 0.74, 0.096, -0.3612]
[0.0, 0.765, 0.235, 0.2846]
[0.0, 1.0, 0.0, 0.0]
[0.075, 0.659, 0.266, 0.7964]
[0.34, 0.515, 0.144, -0.4404]
[0.0, 1.0, 0.0, 0.0]
[0.077, 0.805, 0.118, 0.3182]
[0.467, 0.269, 0.263, -0.8074]
[0.053, 0.837, 0.11, 0.2609]
[0.245, 0.755, 0.0, -0.7964]
[0.0, 0.878, 0.122, 0.3612]
[0.06, 0.94, 0.0, -0.1531]
[0.197, 0.803, 0.0, -0.5334]
[0.0, 0.902, 0.098, 0.2382]
[0.0, 1.0, 0.0, 0.0]
[0.0, 0.645, 0.355, 0.3182]
[0.0, 0.843, 0.157, 0.3291]
[0.145, 0.625, 0.23, 0.2944]
[0.0, 1.0, 0.0, 0.0]
[0.127, 0.873, 0.0, -0.4404]
[0.062, 0.749, 0.189, 0.5994]
[0.299, 0.701, 0.0, -0.6908]
[0.075, 0.678, 0.247, 0.8218]
[0.0, 0.668, 0.332, 0.7543]
[0.0, 1.0, 0.0, 0.0]
[0.342, 0.453, 0.206, -0.5106]
[0.138, 0.781, 0.082, -0.1285]
[0.0, 0.789, 0.211, 0.34]
[0.0, 0.775, 0.225, 0.4927]
[0.0, 0.686, 0.314, 0.6705]
[0.092, 0.8, 0.109, 0.1139]
[0.0, 0.861, 0.139, 0.2732]
[0.0, 1.0, 0.0, 0.0]
[0.0, 0.45, 0.55, 0.7771]
[0.0, 1.0, 0.0, 0.0]
[0.115, 0.729, 0.156, 0.3839]
[0.0, 0.828, 0.172, 0.3612]
[0.243, 0.556, 0.201, -0.1531]
[0.28, 0.72, 0.0, -0.5423]
[0.0, 1.0, 0.0, 0.0]
[0.059, 0.514, 0.427, 0.8834]
[0.474, 0.526, 0.0, -0.5574]
[0.084, 0.718, 0.199, 0.4744]
[0.0, 1.0, 0.0, 0.0]
[0.121, 0.714, 0.165, 0.2023]
[0.118, 0.652, 0.23, 0.6094]
[0.0, 0.769, 0.231, 0.5106]
[0.0, 1.0, 0.0, 0.0]
[0.198, 0.608, 0.194, -0.0516]
[0.152, 0.631, 0.217, 0.3016]
[0.168, 0.766, 0.066, -0.5719]
[0.375, 0.429, 0.196, -0.6124]
[0.401, 0.496, 0.103, -0.8316]
[0.059, 0.88, 0.061, 0.0191]
[0.0, 0.741, 0.259, 0.5994]
[0.0, 1.0, 0.0, 0.0]
[0.183, 0.789, 0.028, -0.7269]
[0.101, 0.899, 0.0, -0.4019]
[0.0, 1.0, 0.0, 0.0]
[0.0, 0.385, 0.615, 0.5859]
[0.261, 0.739, 0.0, -0.5563]
[0.156, 0.844, 0.0, -0.34]
[0.0, 0.775, 0.225, 0.4404]
[0.0, 1.0, 0.0, 0.0]
[0.0, 0.372, 0.628, 0.5222]
[0.167, 0.69, 0.143, -0.128]
[0.128, 0.872, 0.0, -0.3612]
[0.249, 0.751, 0.0, -0.7876]
[0.071, 0.929, 0.0, -0.25]
[0.044, 0.775, 0.181, 0.5719]
[0.0, 0.735, 0.265, 0.8442]
[0.198, 0.61, 0.192, 0.1994]
[0.0, 0.85, 0.15, 0.3535]
[0.0, 0.8, 0.2, 0.4588]
[0.0, 0.896, 0.104, 0.3716]
[0.338, 0.662, 0.0, -0.8481]
[0.172, 0.828, 0.0, -0.8292]
[0.242, 0.758, 0.0, -0.4927]
[0.0, 0.856, 0.144, 0.2144]
[0.714, 0.286, 0.0, -0.7579]
[0.0, 1.0, 0.0, 0.0]
[0.0, 1.0, 0.0, 0.0]
[0.0, 1.0, 0.0, 0.0]
[0.0, 0.667, 0.333, 0.5423]
[0.0, 1.0, 0.0, 0.0]
[0.331, 0.669, 0.0, -0.3559]
[0.264, 0.613, 0.123, -0.6956]
[0.323, 0.677, 0.0, -0.8971]
[0.094, 0.674, 0.231, 0.4287]
[0.301, 0.699, 0.0, -0.6808]
[0.082, 0.789, 0.129, 0.1531]
[0.0, 0.811, 0.189, 0.5994]
[0.094, 0.906, 0.0, -0.4019]
[0.403, 0.512, 0.085, -0.8519]
[0.0, 0.817, 0.183, 0.6696]
[0.0, 0.927, 0.073, 0.0258]
[0.0, 1.0, 0.0, 0.0]
[0.194, 0.647, 0.158, -0.128]
[0.27, 0.643, 0.087, -0.5733]
[0.047, 0.906, 0.047, 0.0]
[0.189, 0.811, 0.0, -0.5423]
[0.091, 0.811, 0.098, 0.0387]
[0.178, 0.695, 0.127, -0.1779]
[0.145, 0.658, 0.197, 0.2006]
[0.64, 0.36, 0.0, -0.5499]
[0.127, 0.701, 0.172, 0.3673]
[0.0, 1.0, 0.0, 0.0]
[0.0, 0.923, 0.077, 0.2732]
[0.308, 0.609, 0.083, -0.7346]
[0.091, 0.864, 0.045, -0.2732]
[0.0, 0.588, 0.412, 0.5994]
[0.0, 0.705, 0.295, 0.7269]
[0.107, 0.795, 0.098, -0.0772]
[0.0, 1.0, 0.0, 0.0]
[0.0, 1.0, 0.0, 0.0]
[0.059, 0.941, 0.0, -0.0516]
[0.0, 0.69, 0.31, 0.802]
[0.0, 0.513, 0.487, 0.6908]
[0.087, 0.83, 0.083, -0.0258]
[0.0, 0.662, 0.338, 0.6249]
[0.107, 0.893, 0.0, -0.4588]
[0.257, 0.587, 0.156, -0.2565]
[0.131, 0.606, 0.263, 0.3818]
[0.13, 0.756, 0.113, -0.1027]
[0.293, 0.707, 0.0, -0.4404]
[0.344, 0.552, 0.104, -0.5994]
[0.076, 0.777, 0.146, 0.3682]
[0.0, 1.0, 0.0, 0.0]
[0.429, 0.571, 0.0, -0.8885]
[0.195, 0.805, 0.0, -0.5267]
[0.0, 0.769, 0.231, 0.5423]
[0.333, 0.54, 0.126, -0.785]
[0.223, 0.777, 0.0, -0.6808]
[0.119, 0.881, 0.0, -0.3182]
[0.289, 0.711, 0.0, -0.6908]
[0.0, 1.0, 0.0, 0.0]
[0.0, 0.862, 0.138, 0.6486]
[0.068, 0.651, 0.281, 0.7351]
[0.394, 0.606, 0.0, -0.0772]
[0.0, 1.0, 0.0, 0.0]
[0.162, 0.7, 0.138, -0.1119]
[0.0, 0.728, 0.272, 0.6249]
[0.0, 0.815, 0.185, 0.3612]
[0.0, 0.952, 0.048, 0.1027]
[0.358, 0.539, 0.103, -0.6361]
[0.0, 1.0, 0.0, 0.0]
[0.132, 0.868, 0.0, -0.4404]
[0.096, 0.685, 0.219, 0.3818]
[0.103, 0.897, 0.0, -0.34]
[0.286, 0.516, 0.198, -0.296]
[0.119, 0.63, 0.252, 0.4118]
[0.0, 0.702, 0.298, 0.8174]
[0.0, 0.9, 0.1, 0.2732]
[0.467, 0.533, 0.0, -0.7845]
[0.0, 0.812, 0.188, 0.5719]
[0.14, 0.86, 0.0, -0.5994]
[0.152, 0.848, 0.0, -0.6369]
[0.321, 0.475, 0.204, -0.7346]
[0.271, 0.657, 0.073, -0.6935]
[0.0, 1.0, 0.0, 0.0]
[0.0, 0.691, 0.309, 0.7026]
[0.0, 0.944, 0.056, 0.1655]
[0.209, 0.622, 0.169, 0.0258]
[0.0, 0.795, 0.205, 0.2023]
[0.158, 0.57, 0.272, 0.25]
[0.175, 0.774, 0.051, -0.6808]
[0.0, 1.0, 0.0, 0.0]
[0.0, 1.0, 0.0, 0.0]
[0.0, 1.0, 0.0, 0.0]
[0.143, 0.857, 0.0, -0.3612]
[0.444, 0.556, 0.0, -0.7506]
[0.299, 0.701, 0.0, -0.7501]
[0.0, 1.0, 0.0, 0.0]
[0.224, 0.711, 0.066, -0.7184]
[0.249, 0.751, 0.0, -0.6486]
[0.271, 0.554, 0.175, -0.5411]
[0.0, 1.0, 0.0, 0.0]
[0.106, 0.862, 0.032, -0.6124]
[0.234, 0.766, 0.0, -0.6705]
[0.119, 0.707, 0.173, -0.1015]
[0.301, 0.442, 0.257, -0.128]
[0.0, 0.87, 0.13, 0.4549]
[0.126, 0.662, 0.212, 0.3811]
[0.0, 0.471, 0.529, 0.926]
[0.132, 0.787, 0.081, -0.2732]
[0.23, 0.698, 0.073, -0.6331]
[0.0, 0.903, 0.097, 0.4215]
[0.34, 0.432, 0.228, -0.2023]
[0.0, 0.511, 0.489, 0.8225]
[0.104, 0.535, 0.361, 0.8225]
[0.145, 0.764, 0.091, -0.0909]
[0.0, 0.901, 0.099, 0.296]
[0.138, 0.751, 0.111, 0.0258]
[0.0, 0.704, 0.296, 0.7906]
[0.229, 0.709, 0.062, -0.687]
[0.104, 0.793, 0.104, 0.0]
[0.0, 1.0, 0.0, 0.0]
[0.125, 0.719, 0.156, 0.1706]
[0.098, 0.653, 0.249, 0.5719]
[0.0, 1.0, 0.0, 0.0]
[0.124, 0.876, 0.0, -0.4549]
[0.0, 1.0, 0.0, 0.0]
[0.0, 1.0, 0.0, 0.0]
[0.137, 0.764, 0.1, -0.3612]
[0.118, 0.882, 0.0, -0.34]
[0.0, 0.537, 0.463, 0.8176]
[0.0, 1.0, 0.0, 0.0]
[0.224, 0.685, 0.09, -0.6485]
[0.179, 0.706, 0.114, -0.1043]
[0.237, 0.763, 0.0, -0.4215]
[0.075, 0.859, 0.066, -0.0459]
[0.0, 0.857, 0.143, 0.3612]
[0.0, 1.0, 0.0, 0.0]
[0.157, 0.843, 0.0, -0.4215]
[0.0, 0.833, 0.167, 0.3818]
[0.083, 0.78, 0.137, 0.1227]
[0.0, 0.769, 0.231, 0.5994]
[0.123, 0.632, 0.245, 0.5106]
[0.0, 0.909, 0.091, 0.4767]
[0.0, 1.0, 0.0, 0.0]
[0.0, 0.925, 0.075, 0.0772]
[0.149, 0.851, 0.0, -0.4215]
[0.3, 0.7, 0.0, -0.6771]
[0.0, 0.858, 0.142, 0.2846]
[0.109, 0.769, 0.122, 0.0772]
[0.271, 0.531, 0.198, -0.3612]
[0.0, 0.856, 0.144, 0.3291]
[0.514, 0.405, 0.081, -0.7506]
[0.0, 0.794, 0.206, 0.8201]
[0.0, 0.625, 0.375, 0.4588]
[0.079, 0.843, 0.079, 0.0]
[0.0, 0.659, 0.341, 0.1406]
[0.0, 1.0, 0.0, 0.0]
[0.385, 0.615, 0.0, -0.7845]
[0.0, 1.0, 0.0, 0.0]
[0.0, 0.845, 0.155, 0.5574]
[0.0, 1.0, 0.0, 0.0]
[0.137, 0.863, 0.0, -0.431]
[0.12, 0.79, 0.089, -0.1869]
[0.061, 0.457, 0.482, 0.8998]
[0.0, 1.0, 0.0, 0.0]
[0.26, 0.678, 0.062, -0.6897]
[0.065, 0.834, 0.101, -0.3477]
[0.222, 0.778, 0.0, -0.25]
[0.091, 0.909, 0.0, -0.1531]
[0.37, 0.63, 0.0, -0.5719]
[0.364, 0.562, 0.074, -0.8689]
[0.256, 0.744, 0.0, -0.6369]
[0.0, 0.773, 0.227, 0.8176]
[0.0, 1.0, 0.0, 0.0]
[0.299, 0.576, 0.125, -0.3896]
[0.0, 0.863, 0.137, 0.4019]
[0.189, 0.528, 0.283, 0.3612]
[0.119, 0.881, 0.0, -0.2263]
[0.8, 0.2, 0.0, -0.4588]
[0.227, 0.621, 0.153, -0.411]
[0.063, 0.694, 0.244, 0.7964]
[0.234, 0.766, 0.0, -0.6249]
[0.174, 0.722, 0.104, -0.3716]
[0.212, 0.698, 0.089, -0.5267]
[0.221, 0.779, 0.0, -0.3976]
[0.146, 0.617, 0.237, 0.296]
[0.0, 0.588, 0.412, 0.4215]
[0.241, 0.759, 0.0, -0.836]
[0.0, 0.873, 0.127, 0.4404]
[0.0, 1.0, 0.0, 0.0]
[0.0, 0.764, 0.236, 0.5267]
[0.0, 1.0, 0.0, 0.0]
[0.0, 1.0, 0.0, 0.0]
[0.248, 0.524, 0.229, -0.101]
[0.329, 0.497, 0.174, -0.3612]
[0.282, 0.66, 0.058, -0.8316]
[0.341, 0.659, 0.0, -0.4767]
[0.0, 0.886, 0.114, 0.4767]
[0.0, 0.863, 0.137, 0.4019]
[0.115, 0.756, 0.129, -0.128]
[0.0, 1.0, 0.0, 0.0]
[0.052, 0.855, 0.093, 0.2732]
[0.229, 0.681, 0.089, -0.5078]
[0.0, 0.441, 0.559, 0.5859]
[0.098, 0.854, 0.049, -0.296]
[0.166, 0.661, 0.172, -0.192]
[0.399, 0.601, 0.0, -0.6492]
[0.0, 0.859, 0.141, 0.4497]
[0.099, 0.811, 0.09, -0.0516]
[0.086, 0.859, 0.055, -0.2023]
[0.0, 1.0, 0.0, 0.0]
[0.571, 0.429, 0.0, -0.4588]
[0.0, 0.813, 0.187, 0.6486]
[0.074, 0.817, 0.109, 0.2263]
[0.069, 0.818, 0.113, 0.3415]
[0.05, 0.856, 0.094, 0.2681]
[0.236, 0.764, 0.0, -0.5267]
[0.0, 0.857, 0.143, 0.3612]
[0.0, 1.0, 0.0, 0.0]
[0.049, 0.8, 0.151, 0.6486]
[0.0, 1.0, 0.0, 0.0]
[0.099, 0.789, 0.112, 0.1027]
[0.0, 0.743, 0.257, 0.5859]
[0.111, 0.889, 0.0, -0.3089]
[0.0, 1.0, 0.0, 0.0]
[0.0, 1.0, 0.0, 0.0]
[0.068, 0.636, 0.296, 0.7994]
[0.293, 0.707, 0.0, -0.4404]
[0.32, 0.5, 0.18, -0.4215]
[0.0, 1.0, 0.0, 0.0]
[0.094, 0.906, 0.0, -0.34]
[0.0, 0.609, 0.391, 0.5423]
[0.124, 0.591, 0.285, 0.4588]
[0.0, 0.803, 0.197, 0.6597]
[0.0, 0.945, 0.055, 0.128]
[0.078, 0.922, 0.0, -0.4019]
[0.114, 0.769, 0.117, 0.0258]
[0.0, 1.0, 0.0, 0.0]
[0.0, 0.753, 0.247, 0.7605]
[0.312, 0.688, 0.0, -0.7717]
[0.097, 0.903, 0.0, -0.1027]
[0.178, 0.605, 0.217, 0.296]
[0.0, 0.909, 0.091, 0.0018]
[0.0, 0.846, 0.154, 0.2732]
[0.216, 0.48, 0.304, 0.2732]
[0.234, 0.642, 0.123, -0.5367]
[0.269, 0.665, 0.066, -0.8074]
[0.375, 0.625, 0.0, -0.34]
[0.08, 0.606, 0.314, 0.8573]
[0.292, 0.464, 0.244, 0.0422]
[0.129, 0.687, 0.183, 0.2363]
[0.215, 0.66, 0.125, -0.4019]
[0.0, 0.853, 0.147, 0.4767]
[0.217, 0.737, 0.046, -0.8353]
[0.193, 0.807, 0.0, -0.6486]
[0.276, 0.669, 0.056, -0.836]
[0.0, 1.0, 0.0, 0.0]
[0.0, 0.682, 0.318, 0.4201]
[0.0, 1.0, 0.0, 0.0]
[0.0, 0.948, 0.052, 0.1406]
[0.152, 0.551, 0.297, 0.4019]
[0.0, 0.819, 0.181, 0.2732]
[0.0, 1.0, 0.0, 0.0]
[0.0, 0.695, 0.305, 0.5898]
[0.0, 1.0, 0.0, 0.0]
[0.0, 1.0, 0.0, 0.0]
[0.0, 0.714, 0.286, 0.8487]
[0.129, 0.722, 0.15, 0.2006]
[0.0, 1.0, 0.0, 0.0]
[0.0, 0.759, 0.241, 0.6597]
[0.276, 0.584, 0.14, -0.5654]
[0.0, 1.0, 0.0, 0.0]
[0.175, 0.711, 0.114, -0.3182]
[0.187, 0.733, 0.081, -0.4404]
[0.51, 0.28, 0.21, -0.5106]
[0.0, 0.543, 0.457, 0.7227]
[0.179, 0.718, 0.103, -0.3612]
[0.0, 0.893, 0.107, 0.5548]
[0.096, 0.904, 0.0, -0.1531]
[0.0, 0.833, 0.167, 0.3818]
[0.0, 1.0, 0.0, 0.0]
[0.0, 1.0, 0.0, 0.0]
[0.082, 0.918, 0.0, -0.3612]
[0.285, 0.561, 0.153, -0.379]
[0.322, 0.551, 0.127, -0.6808]
[0.168, 0.659, 0.174, 0.0258]
[0.341, 0.659, 0.0, -0.6369]
[0.198, 0.802, 0.0, -0.6369]
[0.0, 0.756, 0.244, 0.4404]
[0.197, 0.803, 0.0, -0.4497]
[0.0, 1.0, 0.0, 0.0]
[0.0, 1.0, 0.0, 0.0]
[0.294, 0.706, 0.0, -0.3612]
[0.087, 0.913, 0.0, -0.2382]
[0.299, 0.701, 0.0, -0.5719]
[0.0, 0.896, 0.104, 0.4215]
[0.0, 1.0, 0.0, 0.0]
[0.0, 0.794, 0.206, 0.6908]
[0.294, 0.706, 0.0, -0.6124]
[0.186, 0.814, 0.0, -0.6705]
[0.278, 0.722, 0.0, -0.6124]
[0.0, 1.0, 0.0, 0.0]
[0.316, 0.558, 0.126, -0.6249]
[0.178, 0.625, 0.197, 0.1027]
[0.184, 0.816, 0.0, -0.3089]
[0.0, 0.8, 0.2, 0.3612]
[0.284, 0.628, 0.088, -0.7873]
[0.238, 0.574, 0.189, -0.1531]
[0.16, 0.727, 0.113, -0.0772]
[0.0, 0.714, 0.286, 0.4939]
[0.119, 0.881, 0.0, -0.2572]
[0.0, 0.574, 0.426, 0.891]
[0.081, 0.75, 0.17, 0.4069]
[0.097, 0.794, 0.109, 0.0828]
[0.0, 0.673, 0.327, 0.5984]
[0.089, 0.768, 0.143, 0.374]
[0.08, 0.92, 0.0, -0.1027]
[0.164, 0.836, 0.0, -0.2411]
[0.0, 1.0, 0.0, 0.0]
[0.151, 0.754, 0.095, -0.2744]
[0.0, 0.854, 0.146, 0.4404]
[0.0, 1.0, 0.0, 0.0]
[0.189, 0.811, 0.0, -0.5423]
[0.0, 0.704, 0.296, 0.6369]
[0.0, 1.0, 0.0, 0.0]
[0.061, 0.856, 0.082, 0.1689]
[0.065, 0.714, 0.221, 0.5859]
[0.152, 0.668, 0.181, 0.2382]
[0.133, 0.786, 0.081, -0.2263]
[0.0, 1.0, 0.0, 0.0]
[0.0, 1.0, 0.0, 0.0]
[0.0, 0.872, 0.128, 0.3612]
[0.264, 0.62, 0.116, -0.6705]
[0.0, 1.0, 0.0, 0.0]
[0.156, 0.844, 0.0, -0.5719]
[0.0, 0.842, 0.158, 0.5106]
[0.167, 0.833, 0.0, -0.3818]
[0.0, 0.571, 0.429, 0.3071]
[0.08, 0.708, 0.213, 0.2516]
[0.087, 0.845, 0.068, 0.0516]
[0.0, 0.734, 0.266, 0.4404]
[0.12, 0.88, 0.0, -0.128]
[0.47, 0.432, 0.098, -0.9169]
[0.0, 0.938, 0.063, 0.2023]
[0.0, 0.86, 0.14, 0.5563]
[0.0, 0.839, 0.161, 0.2766]
[0.0, 1.0, 0.0, 0.0]
[0.127, 0.873, 0.0, -0.5423]
[0.122, 0.769, 0.109, -0.079]
[0.0, 0.797, 0.203, 0.2584]
[0.035, 0.817, 0.148, 0.7615]
[0.0, 1.0, 0.0, 0.0]
[0.052, 0.768, 0.18, 0.5653]
[0.0, 0.7, 0.3, 0.7717]
[0.055, 0.606, 0.339, 0.8811]
[0.12, 0.572, 0.308, 0.7379]
[0.196, 0.804, 0.0, -0.296]
[0.0, 0.87, 0.13, 0.5574]
[0.273, 0.625, 0.102, -0.4939]
[0.116, 0.772, 0.112, -0.0258]
[0.152, 0.732, 0.116, -0.0726]
[0.307, 0.693, 0.0, -0.4767]
[0.0, 0.734, 0.266, 0.4404]
[0.117, 0.663, 0.22, 0.6858]
[0.0, 0.744, 0.256, 0.7351]
[0.179, 0.821, 0.0, -0.5423]
[0.0, 0.75, 0.25, 0.7906]
[0.297, 0.703, 0.0, -0.851]
[0.0, 1.0, 0.0, 0.0]
[0.706, 0.294, 0.0, -0.34]
[0.0, 1.0, 0.0, 0.0]
[0.196, 0.665, 0.139, -0.4299]
[0.0, 0.805, 0.195, 0.6249]
[0.0, 0.843, 0.157, 0.4404]
[0.048, 0.952, 0.0, -0.296]
[0.065, 0.808, 0.127, 0.1406]
[0.234, 0.648, 0.117, -0.3291]
[0.0, 1.0, 0.0, 0.0]
[0.067, 0.724, 0.209, 0.5486]
[0.209, 0.614, 0.177, -0.2204]
[0.0, 1.0, 0.0, 0.0]
[0.332, 0.668, 0.0, -0.6094]
[0.265, 0.639, 0.096, -0.5719]
[0.198, 0.742, 0.06, -0.4519]
[0.173, 0.617, 0.21, -0.1027]
[0.0, 1.0, 0.0, 0.0]
[0.0, 0.531, 0.469, 0.7941]
[0.0, 0.706, 0.294, 0.5777]
[0.062, 0.761, 0.177, 0.6199]
[0.252, 0.647, 0.101, -0.4767]
[0.263, 0.593, 0.144, -0.3818]
[0.119, 0.58, 0.301, 0.7913]
[0.166, 0.834, 0.0, -0.4194]
[0.211, 0.675, 0.114, -0.3182]
[0.104, 0.896, 0.0, -0.4215]
[0.042, 0.796, 0.162, 0.6705]
[0.0, 0.919, 0.081, 0.3182]
[0.0, 0.88, 0.12, 0.3818]
[0.0, 0.785, 0.215, 0.743]
[0.381, 0.551, 0.068, -0.8547]
[0.168, 0.612, 0.219, 0.1689]
[0.2, 0.502, 0.298, 0.4091]
[0.0, 0.652, 0.348, 0.4939]
[0.077, 0.642, 0.281, 0.6304]
[0.122, 0.729, 0.149, -0.0516]
[0.296, 0.538, 0.167, -0.34]
[0.0, 1.0, 0.0, 0.0]
[0.058, 0.854, 0.088, 0.25]
[0.0, 0.508, 0.492, 0.4404]
[0.0, 0.893, 0.107, 0.34]
[0.0, 1.0, 0.0, 0.0]
[0.0, 0.873, 0.127, 0.4404]
[0.179, 0.821, 0.0, -0.2411]
[0.0, 1.0, 0.0, 0.0]
[0.0, 0.927, 0.073, 0.0258]
[0.178, 0.696, 0.126, -0.0516]
[0.0, 0.672, 0.328, 0.7047]
[0.0, 1.0, 0.0, 0.0]
[0.144, 0.856, 0.0, -0.4927]
[0.172, 0.828, 0.0, -0.3597]
[0.0, 1.0, 0.0, 0.0]
[0.109, 0.818, 0.073, -0.2975]
[0.0, 0.782, 0.218, 0.4404]
[0.306, 0.568, 0.127, -0.6249]
[0.0, 0.865, 0.135, 0.4215]
[0.0, 0.863, 0.137, 0.2263]
[0.128, 0.607, 0.265, 0.6464]
[0.0, 0.879, 0.121, 0.5719]
[0.0, 1.0, 0.0, 0.0]
[0.145, 0.855, 0.0, -0.296]
[0.405, 0.485, 0.11, -0.7717]
[0.114, 0.829, 0.057, -0.4588]
[0.0, 0.902, 0.098, 0.0772]
[0.0, 0.878, 0.122, 0.3612]
[0.0, 0.851, 0.149, 0.2732]
[0.0, 1.0, 0.0, 0.0]
[0.083, 0.662, 0.255, 0.7931]
[0.207, 0.561, 0.232, -0.0772]
[0.0, 0.824, 0.176, 0.4588]
[0.0, 1.0, 0.0, 0.0]
[0.176, 0.777, 0.046, -0.7033]
[0.049, 0.905, 0.045, -0.0387]
[0.417, 0.583, 0.0, -0.875]
[0.0, 0.787, 0.213, 0.3071]
[0.0, 1.0, 0.0, 0.0]
[0.368, 0.632, 0.0, -0.5423]
[0.141, 0.859, 0.0, -0.4215]
[0.326, 0.674, 0.0, -0.8481]
[0.0, 1.0, 0.0, 0.0]
[0.0, 0.769, 0.231, 0.2732]
[0.16, 0.741, 0.1, -0.2617]
[0.098, 0.58, 0.321, 0.6124]
[0.323, 0.587, 0.09, -0.6963]
[0.0, 1.0, 0.0, 0.0]
[0.228, 0.386, 0.386, 0.6486]
[0.26, 0.74, 0.0, -0.6442]
[0.1, 0.783, 0.117, 0.1045]
[0.327, 0.612, 0.061, -0.8611]
[0.0, 1.0, 0.0, 0.0]
[0.0, 0.936, 0.064, 0.2263]
[0.0, 0.654, 0.346, 0.7082]
[0.117, 0.762, 0.121, 0.0387]
[0.0, 0.772, 0.228, 0.5994]
[0.333, 0.667, 0.0, -0.25]
[0.077, 0.923, 0.0, -0.1695]
[0.0, 0.714, 0.286, 0.4939]
[0.379, 0.542, 0.079, -0.802]
[0.0, 1.0, 0.0, 0.0]
[0.138, 0.689, 0.173, 0.3384]
[0.311, 0.545, 0.143, -0.592]
[0.118, 0.786, 0.096, -0.128]
[0.14, 0.662, 0.199, 0.2023]
[0.131, 0.776, 0.093, -0.1655]
[0.076, 0.924, 0.0, -0.4782]
[0.492, 0.508, 0.0, -0.4404]
[0.0, 1.0, 0.0, 0.0]
[0.156, 0.714, 0.129, -0.1531]
[0.09, 0.637, 0.273, 0.7089]
[0.167, 0.833, 0.0, -0.25]
[0.437, 0.563, 0.0, -0.7351]
[0.0, 1.0, 0.0, 0.0]
[0.0, 0.885, 0.115, 0.09]
[0.196, 0.696, 0.108, -0.3114]
[0.174, 0.67, 0.156, -0.1779]
[1.0, 0.0, 0.0, -0.5423]
[0.324, 0.676, 0.0, -0.5859]
[0.069, 0.723, 0.208, 0.6808]
[0.118, 0.882, 0.0, -0.0516]
[0.0, 0.891, 0.109, 0.296]
[0.288, 0.712, 0.0, -0.807]
[0.186, 0.814, 0.0, -0.7506]
[0.105, 0.611, 0.284, 0.6249]
[0.0, 0.575, 0.425, 0.9114]
[0.196, 0.804, 0.0, -0.4404]
[0.195, 0.805, 0.0, -0.743]
[0.091, 0.609, 0.3, 0.7003]
[0.111, 0.889, 0.0, -0.3612]
[0.13, 0.602, 0.269, 0.4588]
[0.0, 0.857, 0.143, 0.128]
[0.095, 0.804, 0.101, 0.0258]
[0.448, 0.552, 0.0, -0.7574]
[0.131, 0.869, 0.0, -0.5598]
[0.224, 0.776, 0.0, -0.5823]
[0.0, 1.0, 0.0, 0.0]
[0.367, 0.5, 0.133, -0.6369]
[0.369, 0.129, 0.502, 0.6249]
[0.058, 0.615, 0.327, 0.8133]
[0.24, 0.601, 0.158, -0.128]
[0.258, 0.742, 0.0, -0.1877]
[0.0, 0.876, 0.124, 0.34]
[0.362, 0.638, 0.0, -0.1779]
[0.256, 0.625, 0.119, -0.5279]
[0.135, 0.739, 0.126, 0.2023]
[0.285, 0.597, 0.118, -0.6004]
[0.346, 0.59, 0.064, -0.8626]
[0.316, 0.38, 0.304, -0.0258]
[0.0, 0.892, 0.108, 0.3182]
[0.103, 0.897, 0.0, -0.3182]
[0.304, 0.696, 0.0, -0.3865]
[0.177, 0.573, 0.25, 0.1027]
[0.22, 0.44, 0.341, 0.2732]
[0.064, 0.796, 0.141, 0.4393]
[0.0, 1.0, 0.0, 0.0]
[0.061, 0.909, 0.03, -0.2732]
[0.237, 0.763, 0.0, -0.4215]
[0.142, 0.645, 0.213, 0.2732]
[0.0, 0.725, 0.275, 0.6486]
[0.196, 0.804, 0.0, -0.296]
[0.149, 0.723, 0.128, -0.2311]
[0.052, 0.678, 0.27, 0.8422]
[0.0, 0.885, 0.115, 0.4588]
[0.075, 0.76, 0.165, 0.5499]
[0.0, 0.853, 0.147, 0.2255]
[0.317, 0.683, 0.0, -0.9041]
[0.0, 0.847, 0.153, 0.743]
[0.132, 0.632, 0.236, 0.7783]
[0.042, 0.958, 0.0, -0.128]
[0.233, 0.504, 0.264, -0.0516]
[0.219, 0.568, 0.213, -0.024]
[0.274, 0.726, 0.0, -0.6324]
[0.0, 0.902, 0.098, 0.0772]
[0.263, 0.489, 0.248, -0.0714]
[0.0, 0.803, 0.197, 0.7096]
[0.155, 0.845, 0.0, -0.296]
[0.0, 1.0, 0.0, 0.0]
[0.0, 0.776, 0.224, 0.8442]
[0.074, 0.772, 0.154, 0.34]
[0.454, 0.546, 0.0, -0.3595]
[0.252, 0.639, 0.109, -0.5859]
[0.285, 0.53, 0.185, -0.128]
[0.199, 0.718, 0.084, -0.34]
[0.0, 1.0, 0.0, 0.0]
[0.147, 0.853, 0.0, -0.631]
[0.167, 0.833, 0.0, -0.4215]
[0.171, 0.829, 0.0, -0.2144]
[0.072, 0.686, 0.242, 0.5732]
[0.144, 0.778, 0.078, -0.2023]
[0.161, 0.599, 0.24, 0.1779]
[0.115, 0.885, 0.0, -0.5423]
[0.151, 0.64, 0.209, 0.4588]
[0.0, 0.745, 0.255, 0.6249]
[0.0, 0.86, 0.14, 0.4767]
[0.0, 0.719, 0.281, 0.5719]
[0.123, 0.771, 0.106, -0.1531]
[0.099, 0.901, 0.0, -0.3182]
[0.145, 0.705, 0.149, 0.0258]
[0.163, 0.674, 0.163, 0.2516]
[0.0, 0.645, 0.355, 0.7713]
[0.0, 1.0, 0.0, 0.0]
[0.283, 0.533, 0.183, -0.4588]
[0.0, 0.822, 0.178, 0.5984]
[0.436, 0.342, 0.222, -0.3597]
[0.0, 1.0, 0.0, 0.0]
[0.455, 0.545, 0.0, -0.6124]
[0.0, 1.0, 0.0, 0.0]
[0.114, 0.886, 0.0, -0.4019]
[0.0, 0.545, 0.455, 0.3612]
[0.556, 0.444, 0.0, -0.3612]
[0.155, 0.845, 0.0, -0.296]
[0.0, 0.831, 0.169, 0.1585]
[0.303, 0.697, 0.0, -0.8271]
[0.0, 1.0, 0.0, 0.0]
[0.195, 0.659, 0.147, -0.3818]
[0.164, 0.718, 0.118, -0.2263]
[0.0, 1.0, 0.0, 0.0]
[0.0, 0.707, 0.293, 0.8534]
[0.32, 0.68, 0.0, -0.7906]
[0.0, 1.0, 0.0, 0.0]
[0.0, 0.798, 0.202, 0.5095]
[0.193, 0.807, 0.0, -0.4767]
[0.361, 0.639, 0.0, -0.6992]
[0.146, 0.76, 0.094, -0.2263]
[0.153, 0.652, 0.195, 0.3612]
[0.177, 0.601, 0.222, 0.1027]
[0.0, 1.0, 0.0, 0.0]
[0.057, 0.786, 0.157, 0.6249]
[0.328, 0.672, 0.0, -0.9042]
[0.249, 0.545, 0.206, -0.2732]
[0.0, 1.0, 0.0, 0.0]
[0.0, 1.0, 0.0, 0.0]
[0.076, 0.665, 0.259, 0.6997]
[0.0, 0.921, 0.079, 0.0516]
[0.113, 0.756, 0.131, 0.09]
[0.104, 0.896, 0.0, -0.4215]
[0.0, 0.916, 0.084, 0.1877]
[0.153, 0.847, 0.0, -0.5023]
[0.227, 0.773, 0.0, -0.6249]
[0.209, 0.791, 0.0, -0.5719]
[0.356, 0.644, 0.0, -0.8016]
[0.09, 0.851, 0.059, -0.25]
[0.106, 0.588, 0.305, 0.5267]
[0.285, 0.244, 0.472, 0.3182]
[0.115, 0.789, 0.096, -0.2023]
[0.0, 0.762, 0.238, 0.3612]
[0.0, 1.0, 0.0, 0.0]
[0.0, 0.889, 0.111, 0.3612]
[0.084, 0.811, 0.105, 0.138]
[0.264, 0.575, 0.161, -0.2263]
[0.222, 0.64, 0.138, -0.1779]
[0.203, 0.797, 0.0, -0.2584]
[0.0, 0.847, 0.153, 0.5719]
[0.0, 0.816, 0.184, 0.6369]
[0.0, 0.659, 0.341, 0.1406]
[0.374, 0.525, 0.102, -0.8519]
[0.0, 0.898, 0.102, 0.1779]
[0.0, 0.727, 0.273, 0.6428]
[0.0, 1.0, 0.0, 0.0]
[0.0, 1.0, 0.0, 0.0]
[0.0, 0.675, 0.325, 0.5868]
[0.13, 0.734, 0.136, 0.0516]
[0.0, 1.0, 0.0, 0.0]
[0.0, 1.0, 0.0, 0.0]
[0.0, 1.0, 0.0, 0.0]
[0.134, 0.783, 0.083, -0.2732]
[0.0, 1.0, 0.0, 0.0]
[0.102, 0.766, 0.132, 0.1764]
[0.13, 0.87, 0.0, -0.2732]
[0.0, 0.933, 0.067, 0.2023]
[0.178, 0.822, 0.0, -0.3804]
[0.0, 1.0, 0.0, 0.0]
[0.139, 0.728, 0.133, -0.0635]
[0.0, 0.645, 0.355, 0.5106]
[0.266, 0.598, 0.136, -0.3381]
[0.225, 0.593, 0.182, -0.2732]
[0.0, 0.911, 0.089, 0.2382]
[0.147, 0.354, 0.499, 0.7881]
[0.349, 0.651, 0.0, -0.8442]
[0.058, 0.697, 0.245, 0.7537]
[0.172, 0.523, 0.305, 0.5106]
[0.0, 1.0, 0.0, 0.0]
[0.0, 0.915, 0.085, 0.3612]
[0.091, 0.909, 0.0, -0.2732]
[0.217, 0.783, 0.0, -0.8176]
[0.0, 1.0, 0.0, 0.0]
[0.121, 0.879, 0.0, -0.296]
[0.0, 0.707, 0.293, 0.6597]
[0.081, 0.812, 0.107, 0.1761]
[0.065, 0.756, 0.179, 0.5423]
[0.083, 0.615, 0.303, 0.8072]
[0.0, 0.881, 0.119, 0.4522]
[0.327, 0.552, 0.121, -0.6786]
[0.791, 0.209, 0.0, -0.5849]
[0.093, 0.733, 0.173, 0.296]
[0.0, 0.559, 0.441, 0.6734]
[0.455, 0.545, 0.0, -0.614]
[0.0, 0.708, 0.292, 0.7805]
[0.0, 0.916, 0.084, 0.1406]
[0.0, 1.0, 0.0, 0.0]
[0.045, 0.876, 0.079, 0.2732]
[0.0, 0.725, 0.275, 0.6486]
[0.0, 0.545, 0.455, 0.6124]
[0.076, 0.444, 0.481, 0.879]
[0.106, 0.661, 0.233, 0.4404]
[0.164, 0.632, 0.204, 0.1451]
[0.0, 0.852, 0.148, 0.5106]
[0.0, 1.0, 0.0, 0.0]
[0.081, 0.919, 0.0, -0.296]
[0.261, 0.739, 0.0, -0.7981]
[0.15, 0.728, 0.121, -0.1531]
[0.064, 0.936, 0.0, -0.296]
[0.152, 0.632, 0.216, 0.1779]
[0.224, 0.561, 0.214, -0.0516]
[0.0, 1.0, 0.0, 0.0]
[0.0, 0.896, 0.104, 0.296]
[0.135, 0.705, 0.16, 0.1027]
[0.147, 0.66, 0.193, 0.2263]
[0.307, 0.693, 0.0, -0.4767]
[0.0, 0.588, 0.412, 0.6003]
[0.418, 0.582, 0.0, -0.836]
[0.0, 0.709, 0.291, 0.5719]
[0.0, 0.731, 0.269, 0.8519]
[0.0, 1.0, 0.0, 0.0]
[0.088, 0.829, 0.083, -0.0258]
[0.097, 0.903, 0.0, -0.0191]
[0.093, 0.591, 0.316, 0.5989]
[0.183, 0.746, 0.071, -0.5106]
[0.305, 0.598, 0.098, -0.7402]
[0.153, 0.847, 0.0, -0.438]
[0.126, 0.524, 0.351, 0.6486]
[0.22, 0.287, 0.492, 0.4297]
[0.0, 0.73, 0.27, 0.743]
[0.172, 0.828, 0.0, -0.4404]
[0.156, 0.656, 0.188, -0.2206]
[0.107, 0.628, 0.264, 0.5789]
[0.125, 0.709, 0.166, 0.1764]
[0.0, 1.0, 0.0, 0.0]
[0.202, 0.615, 0.183, -0.1531]
[0.18, 0.82, 0.0, -0.5267]
[0.402, 0.598, 0.0, -0.6908]
[0.0, 0.843, 0.157, 0.3041]
[0.291, 0.709, 0.0, -0.4357]
