[0.0, 0.925, 0.075, 0.3612]
[0.0, 0.794, 0.206, 0.8069]
[0.0, 0.661, 0.339, 0.2617]
[0.0, 0.633, 0.367, 0.8271]
[0.079, 0.676, 0.244, 0.6592]
[0.081, 0.673, 0.246, 0.5994]
[0.0, 0.714, 0.286, 0.4215]
[0.265, 0.623, 0.113, -0.5994]
[0.084, 0.784, 0.132, 0.0938]
[0.0, 0.775, 0.225, 0.4939]
[0.0, 0.714, 0.286, 0.4588]
[0.123, 0.585, 0.292, 0.4391]
[0.0, 1.0, 0.0, 0.0]
[0.0, 0.552, 0.448, 0.7579]
[0.0, 1.0, 0.0, 0.0]
[0.0, 0.901, 0.099, 0.2944]
[0.0, 1.0, 0.0, 0.0]
[0.0, 0.549, 0.451, 0.6249]
[0.0, 0.787, 0.213, 0.5859]
[0.0, 0.579, 0.421, 0.6249]
[0.0, 0.606, 0.394, 0.3818]
[0.0, 0.695, 0.305, 0.9058]
[0.348, 0.652, 0.0, -0.7506]
[0.0, 0.829, 0.171, 0.5719]
[0.0, 0.67, 0.33, 0.7096]
[0.0, 0.639, 0.361, 0.5256]
[0.0, 1.0, 0.0, 0.0]
[0.0, 0.553, 0.447, 0.8658]
[0.0, 0.78, 0.22, 0.8074]
[0.0, 0.659, 0.341, 0.8316]
[0.135, 0.865, 0.0, -0.1027]
[0.192, 0.698, 0.11, -0.1027]
[0.0, 0.5, 0.5, 0.4588]
[0.17, 0.667, 0.164, -0.0516]
[0.113, 0.659, 0.228, 0.6361]
[0.0, 0.838, 0.162, 0.4019]
[0.0, 0.792, 0.208, 0.6369]
[0.141, 0.859, 0.0, -0.2023]
[0.046, 0.729, 0.225, 0.8625]
[0.0, 0.925, 0.075, 0.3612]
[0.0, 0.735, 0.265, 0.6597]
[0.063, 0.771, 0.165, 0.5719]
[0.0, 0.531, 0.469, 0.8658]
[0.0, 1.0, 0.0, 0.0]
[0.0, 0.619, 0.381, 0.7906]
[0.0, 0.906, 0.094, 0.3612]
[0.0, 0.743, 0.257, 0.5859]
[0.0, 1.0, 0.0, 0.0]
[0.0, 0.674, 0.326, 0.4404]
[0.0, 0.811, 0.189, 0.7906]
[0.0, 0.745, 0.255, 0.34]
[0.0, 1.0, 0.0, 0.0]
[0.0, 0.739, 0.261, 0.8481]
[0.1, 0.747, 0.154, 0.3182]
[0.0, 0.84, 0.16, 0.6124]
[0.0, 0.769, 0.231, 0.5859]
[0.0, 0.839, 0.161, 0.3182]
[0.0, 0.853, 0.147, 0.631]
[0.0, 0.863, 0.137, 0.5859]
[0.082, 0.718, 0.2, 0.582]
[0.0, 0.708, 0.292, 0.5106]
[0.165, 0.604, 0.231, 0.296]
[0.067, 0.795, 0.138, 0.4019]
[0.11, 0.684, 0.205, 0.3612]
[0.305, 0.418, 0.276, -0.1779]
[0.0, 0.533, 0.467, 0.7845]
[0.136, 0.692, 0.171, -0.0231]
[0.079, 0.651, 0.27, 0.6249]
[0.0, 0.795, 0.205, 0.5994]
[0.154, 0.787, 0.06, -0.5434]
[0.0, 0.5, 0.5, 0.4588]
[0.133, 0.739, 0.128, -0.0516]
[0.0, 0.543, 0.457, 0.8957]
[0.0, 0.718, 0.282, 0.6249]
[0.0, 0.833, 0.167, 0.5267]
[0.0, 0.763, 0.237, 0.855]
[0.0, 1.0, 0.0, 0.0]
[0.0, 1.0, 0.0, 0.0]
[0.155, 0.727, 0.118, -0.1027]
[0.201, 0.654, 0.145, -0.0489]
[0.0, 0.704, 0.296, 0.8555]
[0.059, 0.605, 0.336, 0.879]
[0.107, 0.697, 0.197, 0.296]
[0.0, 0.339, 0.661, 0.4404]
[0.0, 1.0, 0.0, 0.0]
[0.0, 0.792, 0.208, 0.6361]
[0.123, 0.726, 0.151, -0.0258]
[0.0, 0.822, 0.178, 0.6369]
[0.0, 0.9, 0.1, 0.2732]
[0.0, 0.701, 0.299, 0.7506]
[0.0, 0.699, 0.301, 0.8885]
[0.0, 0.566, 0.434, 0.5574]
[0.054, 0.714, 0.231, 0.771]
[0.0, 0.788, 0.212, 0.5106]
[0.042, 0.958, 0.0, -0.1027]
[0.226, 0.61, 0.165, -0.25]
[0.065, 0.935, 0.0, -0.3291]
[0.336, 0.664, 0.0, -0.8442]
[0.0, 1.0, 0.0, 0.0]
[0.0, 0.716, 0.284, 0.6542]
[0.0, 0.507, 0.493, 0.8313]
[0.0, 1.0, 0.0, 0.0]
[0.094, 0.794, 0.112, 0.128]
[0.061, 0.79, 0.149, 0.4939]
[0.071, 0.65, 0.279, 0.749]
[0.0, 0.859, 0.141, 0.3182]
[0.0, 0.679, 0.321, 0.6369]
[0.0, 0.871, 0.129, 0.4767]
[0.079, 0.788, 0.133, 0.3182]
[0.0, 0.839, 0.161, 0.7351]
[0.0, 0.53, 0.47, 0.7964]
[0.0, 0.763, 0.237, 0.8271]
[0.0, 0.667, 0.333, 0.4588]
[0.088, 0.912, 0.0, -0.4019]
[0.0, 0.688, 0.313, 0.7184]
[0.0, 1.0, 0.0, 0.0]
[0.0, 0.93, 0.07, 0.3291]
[0.0, 0.872, 0.128, 0.5859]
[0.241, 0.301, 0.459, 0.4404]
[0.178, 0.728, 0.095, -0.3151]
[0.0, 0.656, 0.344, 0.743]
[0.0, 1.0, 0.0, 0.0]
[0.068, 0.681, 0.251, 0.7783]
[0.0, 0.303, 0.697, 0.9623]
[0.141, 0.781, 0.078, -0.25]
[0.045, 0.67, 0.286, 0.8957]
[0.085, 0.809, 0.106, 0.128]
[0.0, 0.848, 0.152, 0.3612]
[0.0, 0.919, 0.081, 0.2382]
[0.126, 0.717, 0.157, -0.0258]
[0.0, 0.844, 0.156, 0.4497]
[0.0, 1.0, 0.0, 0.0]
[0.0, 1.0, 0.0, 0.0]
[0.181, 0.653, 0.166, -0.0772]
[0.0, 0.886, 0.114, 0.4295]
[0.224, 0.561, 0.215, -0.0258]
[0.0, 0.782, 0.218, 0.5994]
[0.0, 0.672, 0.328, 0.5994]
[0.0, 0.842, 0.158, 0.4939]
[0.138, 0.783, 0.079, -0.3798]
[0.12, 0.659, 0.221, 0.3818]
[0.157, 0.843, 0.0, -0.4215]
[0.06, 0.854, 0.085, 0.2023]
[0.062, 0.565, 0.373, 0.9374]
[0.059, 0.751, 0.191, 0.6771]
[0.0, 0.597, 0.403, 0.7964]
[0.159, 0.41, 0.431, 0.6486]
[0.068, 0.554, 0.377, 0.8047]
[0.0, 0.642, 0.358, 0.9383]
[0.263, 0.519, 0.217, -0.3041]
[0.0, 1.0, 0.0, 0.0]
[0.102, 0.645, 0.253, 0.4215]
[0.0, 0.618, 0.382, 0.8885]
[0.0, 1.0, 0.0, 0.0]
[0.0, 0.701, 0.299, 0.8547]
[0.0, 0.831, 0.169, 0.6908]
[0.0, 0.506, 0.494, 0.7783]
[0.0, 0.625, 0.375, 0.8126]
[0.0, 0.833, 0.167, 0.4939]
[0.0, 0.752, 0.248, 0.836]
[0.112, 0.752, 0.136, 0.3506]
[0.202, 0.798, 0.0, -0.6759]
[0.0, 1.0, 0.0, 0.0]
[0.065, 0.869, 0.067, 0.0258]
[0.037, 0.735, 0.228, 0.8201]
[0.0, 0.479, 0.521, 0.7717]
[0.0, 0.808, 0.192, 0.5859]
[0.252, 0.69, 0.058, -0.7457]
[0.127, 0.873, 0.0, -0.4404]
[0.163, 0.481, 0.356, 0.4588]
[0.085, 0.408, 0.507, 0.8527]
[0.0, 1.0, 0.0, 0.0]
[0.0, 0.627, 0.373, 0.8934]
[0.0, 0.711, 0.289, 0.6908]
[0.0, 0.543, 0.457, 0.6369]
[0.193, 0.482, 0.325, 0.296]
[0.0, 0.815, 0.185, 0.3612]
[0.0, 0.7, 0.3, 0.8397]
[0.0, 0.238, 0.762, 0.4927]
[0.065, 0.689, 0.246, 0.795]
[0.0, 0.567, 0.433, 0.6249]
[0.0, 0.739, 0.261, 0.5974]
[0.0, 0.385, 0.615, 0.4927]
[0.072, 0.647, 0.281, 0.7311]
[0.0, 0.745, 0.255, 0.3384]
[0.0, 0.724, 0.276, 0.6369]
[0.0, 0.708, 0.292, 0.8176]
[0.073, 0.764, 0.163, 0.4139]
[0.146, 0.854, 0.0, -0.3384]
[0.0, 0.898, 0.102, 0.5106]
[0.046, 0.618, 0.336, 0.8856]
[0.0, 0.227, 0.773, 0.7783]
[0.0, 0.314, 0.686, 0.9022]
[0.068, 0.769, 0.163, 0.4939]
[0.0, 0.476, 0.524, 0.5106]
[0.214, 0.623, 0.163, -0.0772]
[0.165, 0.659, 0.176, 0.0516]
[0.144, 0.588, 0.267, 0.6361]
[0.0, 0.068, 0.932, 0.9153]
[0.068, 0.5, 0.432, 0.9081]
[0.126, 0.71, 0.164, 0.1779]
[0.0, 0.761, 0.239, 0.5267]
[0.0, 0.708, 0.292, 0.7906]
[0.0, 0.714, 0.286, 0.7184]
[0.0, 0.833, 0.167, 0.5267]
[0.372, 0.628, 0.0, -0.9053]
[0.0, 0.93, 0.07, 0.128]
[0.0, 0.679, 0.321, 0.8201]
[0.0, 1.0, 0.0, 0.0]
[0.0, 0.667, 0.333, 0.7579]
[0.0, 0.659, 0.341, 0.7351]
[0.0, 0.339, 0.661, 0.5994]
[0.0, 0.489, 0.511, 0.7408]
[0.215, 0.593, 0.193, -0.0772]
[0.0, 0.873, 0.127, 0.4404]
[0.0, 1.0, 0.0, 0.0]
[0.058, 0.734, 0.208, 0.7102]
[0.0, 0.766, 0.234, 0.7506]
[0.0, 0.873, 0.127, 0.4404]
[0.0, 0.774, 0.226, 0.5423]
[0.337, 0.408, 0.255, 0.0516]
[0.355, 0.492, 0.153, -0.5719]
[0.0, 0.7, 0.3, 0.7184]
[0.0, 0.858, 0.142, 0.5859]
[0.302, 0.533, 0.166, -0.3182]
[0.1, 0.69, 0.21, 0.5423]
[0.0, 0.474, 0.526, 0.7688]
[0.0, 0.467, 0.533, 0.9081]
[0.0, 0.682, 0.318, 0.8682]
[0.0, 0.625, 0.375, 0.6369]
[0.07, 0.681, 0.25, 0.7617]
[0.136, 0.624, 0.24, 0.3919]
[0.0, 0.903, 0.097, 0.4404]
[0.0, 1.0, 0.0, 0.0]
[0.095, 0.748, 0.156, 0.2023]
[0.0, 0.708, 0.292, 0.5106]
[0.096, 0.64, 0.264, 0.871]
[0.0, 1.0, 0.0, 0.0]
[0.0, 0.747, 0.253, 0.7783]
[0.0, 0.794, 0.206, 0.3274]
[0.058, 0.816, 0.126, 0.4443]
[0.0, 0.768, 0.232, 0.872]
[0.079, 0.792, 0.128, 0.1211]
[0.0, 0.685, 0.315, 0.9161]
[0.0, 0.843, 0.157, 0.6908]
[0.0, 0.688, 0.313, 0.6124]
[0.0, 1.0, 0.0, 0.0]
[0.088, 0.767, 0.145, 0.25]
[0.238, 0.674, 0.088, -0.4404]
[0.0, 0.619, 0.381, 0.5719]
[0.131, 0.366, 0.503, 0.7964]
[0.0, 0.422, 0.578, 0.8625]
[0.365, 0.586, 0.048, -0.9086]
[0.0, 0.802, 0.198, 0.4497]
[0.046, 0.771, 0.183, 0.5859]
[0.0, 0.757, 0.243, 0.7269]
[0.26, 0.669, 0.071, -0.6997]
[0.0, 1.0, 0.0, 0.0]
[0.0, 0.476, 0.524, 0.8316]
[0.0, 1.0, 0.0, 0.0]
[0.0, 1.0, 0.0, 0.0]
[0.169, 0.513, 0.318, 0.4404]
[0.087, 0.753, 0.16, 0.5023]
[0.0, 0.847, 0.153, 0.4404]
[0.044, 0.862, 0.094, 0.4404]
[0.0, 0.837, 0.163, 0.5106]
[0.242, 0.689, 0.069, -0.5839]
[0.05, 0.763, 0.187, 0.6067]
[0.0, 0.816, 0.184, 0.5574]
[0.117, 0.779, 0.104, -0.0516]
[0.062, 0.667, 0.271, 0.6908]
[0.067, 0.439, 0.494, 0.9731]
[0.0, 0.787, 0.213, 0.4019]
[0.0, 0.899, 0.101, 0.4215]
[0.126, 0.748, 0.126, 0.0]
[0.115, 0.495, 0.39, 0.931]
[0.0, 1.0, 0.0, 0.0]
[0.051, 0.521, 0.428, 0.938]
[0.0, 0.244, 0.756, 0.7351]
[0.0, 0.919, 0.081, 0.2144]
[0.0, 0.328, 0.672, 0.9062]
[0.315, 0.685, 0.0, -0.7844]
[0.165, 0.559, 0.276, 0.7981]
[0.0, 1.0, 0.0, 0.0]
[0.0, 1.0, 0.0, 0.0]
[0.0, 1.0, 0.0, 0.0]
[0.0, 0.903, 0.097, 0.1027]
[0.16, 0.84, 0.0, -0.7275]
[0.105, 0.895, 0.0, -0.4019]
[0.109, 0.634, 0.257, 0.4939]
[0.0, 1.0, 0.0, 0.0]
[0.158, 0.542, 0.3, 0.4404]
[0.0, 0.739, 0.261, 0.7506]
[0.192, 0.694, 0.113, -0.4019]
[0.0, 1.0, 0.0, 0.0]
[0.447, 0.447, 0.106, -0.7269]
[0.0, 0.782, 0.218, 0.5994]
[0.0, 0.739, 0.261, 0.7717]
[0.0, 0.603, 0.397, 0.8481]
[0.215, 0.785, 0.0, -0.605]
[0.0, 0.513, 0.487, 0.5859]
[0.0, 0.601, 0.399, 0.8519]
[0.0, 0.806, 0.194, 0.6472]
[0.239, 0.761, 0.0, -0.765]
[0.109, 0.808, 0.083, 0.0]
[0.0, 1.0, 0.0, 0.0]
[0.286, 0.714, 0.0, -0.8225]
[0.0, 0.906, 0.094, 0.4767]
[0.0, 0.794, 0.206, 0.3818]
[0.0, 0.658, 0.342, 0.8519]
[0.167, 0.833, 0.0, -0.296]
[0.061, 0.862, 0.077, 0.1749]
[0.058, 0.758, 0.184, 0.7804]
[0.107, 0.687, 0.206, 0.4617]
[0.193, 0.472, 0.335, 0.5106]
[0.0, 0.767, 0.233, 0.743]
[0.075, 0.577, 0.349, 0.5719]
[0.0, 1.0, 0.0, 0.0]
[0.119, 0.752, 0.128, 0.0516]
[0.06, 0.759, 0.181, 0.5699]
[0.512, 0.244, 0.244, -0.5106]
[0.0, 1.0, 0.0, 0.0]
[0.0, 0.7, 0.3, 0.4588]
[0.0, 0.64, 0.36, 0.7351]
[0.0, 0.69, 0.31, 0.5574]
[0.16, 0.584, 0.257, 0.128]
[0.0, 0.891, 0.109, 0.4215]
[0.067, 0.655, 0.277, 0.7014]
[0.0, 0.795, 0.205, 0.4767]
[0.082, 0.599, 0.319, 0.8175]
[0.368, 0.408, 0.224, -0.4779]
[0.0, 0.897, 0.103, 0.1531]
[0.266, 0.426, 0.309, 0.1027]
[0.0, 1.0, 0.0, 0.0]
[0.18, 0.45, 0.37, 0.5859]
[0.0, 0.903, 0.097, 0.2023]
[0.0, 0.646, 0.354, 0.8555]
[0.0, 0.606, 0.394, 0.6705]
[0.0, 0.78, 0.22, 0.5859]
[0.0, 0.762, 0.238, 0.5777]
[0.087, 0.581, 0.332, 0.7096]
[0.157, 0.674, 0.169, 0.1027]
[0.158, 0.842, 0.0, -0.296]
[0.0, 0.674, 0.326, 0.4404]
[0.0, 0.69, 0.31, 0.8402]
[0.0, 0.583, 0.417, 0.6124]
[0.037, 0.841, 0.121, 0.5574]
[0.298, 0.448, 0.254, -0.2249]
[0.0, 0.523, 0.477, 0.807]
[0.0, 0.899, 0.101, 0.2023]
[0.0, 0.872, 0.128, 0.4215]
[0.0, 0.734, 0.266, 0.4404]
[0.0, 0.143, 0.857, 0.7184]
[0.069, 0.762, 0.169, 0.5106]
[0.0, 0.658, 0.342, 0.9186]
[0.0, 1.0, 0.0, 0.0]
[0.049, 0.523, 0.429, 0.8979]
[0.0, 1.0, 0.0, 0.0]
[0.074, 0.709, 0.216, 0.6369]
[0.0, 0.669, 0.331, 0.8555]
[0.0, 0.773, 0.227, 0.7964]
[0.0, 0.27, 0.73, 0.6597]
[0.375, 0.625, 0.0, -0.5574]
[0.096, 0.79, 0.114, 0.0572]
[0.0, 0.905, 0.095, 0.2617]
[0.083, 0.83, 0.087, 0.0258]
[0.063, 0.937, 0.0, -0.2411]
[0.0, 0.597, 0.403, 0.4019]
[0.1, 0.633, 0.267, 0.5719]
[0.12, 0.743, 0.137, 0.1336]
[0.0, 0.599, 0.401, 0.886]
[0.0, 0.889, 0.111, 0.3612]
[0.12, 0.602, 0.277, 0.3818]
[0.0, 1.0, 0.0, 0.0]
[0.275, 0.725, 0.0, -0.6344]
[0.0, 0.638, 0.362, 0.8689]
[0.077, 0.923, 0.0, -0.25]
[0.0, 0.556, 0.444, 0.4939]
[0.0, 0.732, 0.268, 0.6705]
[0.112, 0.758, 0.13, 0.1263]
[0.0, 0.75, 0.25, 0.4588]
[0.224, 0.512, 0.264, -0.0018]
[0.057, 0.753, 0.191, 0.6665]
[0.0, 0.755, 0.245, 0.3818]
[0.262, 0.738, 0.0, -0.7506]
[0.0, 1.0, 0.0, 0.0]
[0.0, 0.676, 0.324, 0.802]
[0.46, 0.54, 0.0, -0.5279]
[0.069, 0.526, 0.405, 0.8807]
[0.06, 0.83, 0.109, 0.3182]
[0.0, 0.838, 0.162, 0.5924]
[0.227, 0.773, 0.0, -0.5707]
[0.0, 0.625, 0.375, 0.6597]
[0.0, 0.684, 0.316, 0.5719]
[0.0, 1.0, 0.0, 0.0]
[0.0, 0.593, 0.407, 0.8834]
[0.0, 0.849, 0.151, 0.4648]
[0.123, 0.877, 0.0, -0.5423]
[0.271, 0.677, 0.052, -0.8151]
[0.0, 0.665, 0.335, 0.891]
[0.063, 0.69, 0.247, 0.8868]
[0.0, 0.526, 0.474, 0.791]
[0.0, 0.703, 0.297, 0.5859]
[0.209, 0.791, 0.0, -0.5423]
[0.0, 0.714, 0.286, 0.6808]
[0.0, 0.858, 0.142, 0.3919]
[0.0, 0.912, 0.088, 0.3612]
[0.168, 0.313, 0.52, 0.6705]
[0.0, 1.0, 0.0, 0.0]
[0.0, 0.702, 0.298, 0.7684]
[0.0, 0.766, 0.234, 0.6361]
[0.0, 0.633, 0.367, 0.7964]
[0.117, 0.732, 0.151, 0.1779]
[0.0, 0.69, 0.31, 0.4019]
[0.084, 0.856, 0.06, -0.1893]
[0.067, 0.748, 0.185, 0.5542]
[0.11, 0.825, 0.065, -0.1994]
[0.044, 0.733, 0.223, 0.7096]
[0.0, 0.625, 0.375, 0.8807]
[0.242, 0.569, 0.19, -0.0258]
[0.326, 0.674, 0.0, -0.4404]
[0.073, 0.667, 0.26, 0.7096]
[0.0, 0.952, 0.048, 0.0258]
[0.0, 0.549, 0.451, 0.9153]
[0.0, 1.0, 0.0, 0.0]
[0.216, 0.641, 0.143, -0.233]
[0.121, 0.825, 0.054, -0.3284]
[0.063, 0.938, 0.0, -0.34]
[0.0, 0.721, 0.279, 0.7351]
[0.0, 0.787, 0.213, 0.6597]
[0.128, 0.749, 0.123, -0.0332]
[0.027, 0.742, 0.232, 0.9064]
[0.048, 0.83, 0.122, 0.4033]
[0.086, 0.762, 0.152, 0.2992]
[0.209, 0.791, 0.0, -0.4902]
[0.137, 0.703, 0.16, -0.1027]
[0.0, 0.112, 0.888, 0.7845]
[0.0, 0.703, 0.297, 0.6705]
[0.0, 0.728, 0.272, 0.7964]
[0.059, 0.842, 0.099, 0.296]
[0.254, 0.526, 0.219, -0.1027]
[0.0, 0.815, 0.185, 0.7096]
[0.16, 0.741, 0.099, -0.25]
[0.0, 0.658, 0.342, 0.836]
[0.0, 0.819, 0.181, 0.6369]
[0.238, 0.762, 0.0, -0.8316]
[0.042, 0.653, 0.306, 0.836]
[0.0, 0.872, 0.128, 0.3919]
[0.0, 0.903, 0.097, 0.6616]
[0.0, 0.534, 0.466, 0.7269]
[0.0, 0.811, 0.189, 0.5423]
[0.071, 0.465, 0.463, 0.93]
[0.363, 0.22, 0.418, 0.128]
[0.078, 0.829, 0.093, 0.0772]
[0.0, 0.742, 0.258, 0.8555]
[0.105, 0.772, 0.123, 0.128]
[0.217, 0.783, 0.0, -0.7579]
[0.163, 0.837, 0.0, -0.5994]
[0.286, 0.714, 0.0, -0.4939]
[0.072, 0.803, 0.124, 0.3167]
[0.0, 0.858, 0.142, 0.2846]
[0.037, 0.564, 0.4, 0.9312]
[0.185, 0.674, 0.141, 0.0534]
[0.0, 0.426, 0.574, 0.4019]
[0.0, 0.882, 0.118, 0.3415]
[0.0, 0.662, 0.338, 0.8271]
[0.0, 0.876, 0.124, 0.4019]
[0.0, 0.837, 0.163, 0.5106]
[0.151, 0.755, 0.094, -0.2382]
[0.0, 0.763, 0.237, 0.4767]
[0.124, 0.762, 0.115, -0.05]
[0.0, 0.709, 0.291, 0.8927]
[0.0, 0.775, 0.225, 0.8402]
[0.0, 1.0, 0.0, 0.0]
[0.0, 0.485, 0.515, 0.6486]
[0.0, 0.668, 0.332, 0.8573]
[0.0, 0.572, 0.428, 0.9136]
[0.0, 0.737, 0.263, 0.3612]
[0.0, 0.657, 0.343, 0.7783]
[0.181, 0.604, 0.215, 0.128]
[0.0, 0.715, 0.285, 0.4927]
[0.0, 0.823, 0.177, 0.8074]
[0.305, 0.695, 0.0, -0.3875]
[0.334, 0.592, 0.074, -0.8689]
[0.114, 0.714, 0.171, 0.296]
[0.0, 1.0, 0.0, 0.0]
[0.0, 0.417, 0.583, 0.8807]
[0.202, 0.614, 0.184, -0.1027]
[0.0, 0.73, 0.27, 0.4019]
[0.0, 0.662, 0.338, 0.8658]
[0.16, 0.705, 0.135, -0.1027]
[0.0, 0.77, 0.23, 0.2716]
[0.09, 0.714, 0.195, 0.4939]
[0.0, 1.0, 0.0, 0.0]
[0.0, 0.699, 0.301, 0.8225]
[0.0, 0.792, 0.208, 0.6054]
[0.0, 0.728, 0.272, 0.4767]
[0.082, 0.605, 0.312, 0.651]
[0.0, 0.861, 0.139, 0.2732]
[0.0, 0.734, 0.266, 0.8126]
[0.079, 0.754, 0.167, 0.4939]
[0.0, 0.667, 0.333, 0.6124]
[0.144, 0.715, 0.14, -0.0387]
[0.088, 0.604, 0.308, 0.6124]
[0.0, 1.0, 0.0, 0.0]
[0.0, 1.0, 0.0, 0.0]
[0.09, 0.91, 0.0, -0.336]
[0.08, 0.575, 0.345, 0.6808]
[0.0, 0.909, 0.091, 0.2263]
[0.13, 0.621, 0.248, 0.5859]
[0.127, 0.873, 0.0, -0.5423]
[0.0, 0.777, 0.223, 0.5574]
[0.0, 0.747, 0.253, 0.6625]
[0.0, 0.405, 0.595, 0.9589]
[0.5, 0.5, 0.0, -0.6124]
[0.252, 0.748, 0.0, -0.7964]
[0.0, 0.681, 0.319, 0.9136]
[0.0, 0.795, 0.205, 0.5994]
[0.0, 0.514, 0.486, 0.9514]
[0.0, 0.0, 1.0, 0.8176]
[0.0, 1.0, 0.0, 0.0]
[0.0, 1.0, 0.0, 0.0]
[0.0, 0.867, 0.133, 0.631]
[0.069, 0.694, 0.236, 0.431]
[0.0, 0.529, 0.471, 0.836]
[0.191, 0.658, 0.151, -0.1531]
[0.131, 0.728, 0.141, 0.0516]
[0.126, 0.751, 0.123, -0.0258]
[0.0, 0.756, 0.244, 0.6369]
[0.0, 0.435, 0.565, 0.7579]
[0.149, 0.638, 0.213, 0.3626]
[0.0, 0.569, 0.431, 0.9169]
[0.0, 0.833, 0.167, 0.34]
[0.0, 1.0, 0.0, 0.0]
[0.0, 0.684, 0.316, 0.7184]
[0.111, 0.509, 0.38, 0.8625]
[0.0, 0.755, 0.245, 0.3818]
[0.0, 0.696, 0.304, 0.5423]
[0.0, 0.278, 0.722, 0.6369]
[0.158, 0.427, 0.415, 0.8921]
[0.143, 0.857, 0.0, -0.128]
[0.0, 0.748, 0.252, 0.5719]
[0.298, 0.702, 0.0, -0.6249]
[0.0, 0.606, 0.394, 0.9001]
[0.0, 0.633, 0.367, 0.8271]
[0.0, 0.552, 0.448, 0.6705]
[0.0, 0.769, 0.231, 0.6249]
[0.189, 0.663, 0.148, -0.2023]
[0.0, 1.0, 0.0, 0.0]
[0.0, 0.726, 0.274, 0.7684]
[0.0, 0.5, 0.5, 0.7184]
[0.141, 0.575, 0.284, 0.6093]
[0.0, 0.719, 0.281, 0.802]
[0.189, 0.551, 0.26, 0.4215]
[0.0, 0.639, 0.361, 0.6858]
[0.0, 1.0, 0.0, 0.0]
[0.257, 0.743, 0.0, -0.5423]
[0.043, 0.633, 0.323, 0.8555]
[0.083, 0.791, 0.126, 0.228]
[0.0, 0.781, 0.219, 0.5994]
[0.0, 0.632, 0.368, 0.9178]
[0.0, 0.622, 0.378, 0.937]
[0.423, 0.577, 0.0, -0.8316]
[0.0, 0.517, 0.483, 0.4215]
[0.0, 0.845, 0.155, 0.4678]
[0.0, 0.789, 0.211, 0.4939]
[0.132, 0.658, 0.21, 0.4404]
[0.144, 0.856, 0.0, -0.4926]
[0.139, 0.743, 0.118, -0.1263]
[0.0, 0.612, 0.388, 0.4215]
[0.0, 0.343, 0.657, 0.8885]
[0.3, 0.531, 0.169, -0.5719]
[0.0, 0.791, 0.209, 0.5719]
[0.167, 0.714, 0.119, -0.296]
[0.119, 0.794, 0.087, -0.1877]
[0.0, 1.0, 0.0, 0.0]
[0.0, 1.0, 0.0, 0.0]
[0.0, 0.877, 0.123, 0.2732]
[0.121, 0.65, 0.229, 0.5911]
[0.0, 0.845, 0.155, 0.6705]
[0.137, 0.705, 0.159, 0.0959]
[0.192, 0.489, 0.32, 0.5267]
[0.0, 0.594, 0.406, 0.836]
[0.137, 0.529, 0.335, 0.5423]
[0.0, 0.807, 0.193, 0.4767]
[0.27, 0.73, 0.0, -0.5334]
[0.05, 0.826, 0.124, 0.4215]
[0.0, 0.813, 0.187, 0.3182]
[0.0, 0.769, 0.231, 0.5859]
[0.0, 0.854, 0.146, 0.34]
[0.096, 0.699, 0.205, 0.5434]
[0.233, 0.506, 0.261, 0.128]
[0.146, 0.854, 0.0, -0.4404]
[0.0, 0.627, 0.373, 0.9022]
[0.0, 0.826, 0.174, 0.2247]
[0.182, 0.672, 0.146, 0.0258]
[0.128, 0.811, 0.061, -0.4019]
[0.154, 0.644, 0.202, 0.3291]
[0.0, 0.547, 0.453, 0.7003]
[0.142, 0.858, 0.0, -0.5106]
[0.262, 0.738, 0.0, -0.8316]
[0.218, 0.694, 0.088, -0.5859]
[0.0, 0.807, 0.193, 0.4767]
[0.137, 0.643, 0.221, 0.2732]
[0.098, 0.798, 0.104, -0.2006]
[0.229, 0.51, 0.261, 0.128]
[0.0, 0.741, 0.259, 0.4215]
[0.0, 0.826, 0.174, 0.6369]
[0.0, 0.541, 0.459, 0.8176]
[0.08, 0.698, 0.223, 0.6486]
[0.149, 0.477, 0.374, 0.3071]
[0.0, 0.699, 0.301, 0.5106]
[0.18, 0.271, 0.548, 0.6213]
[0.245, 0.755, 0.0, -0.7783]
[0.066, 0.767, 0.167, 0.4215]
[0.0, 0.328, 0.672, 0.6249]
[0.091, 0.649, 0.26, 0.6605]
[0.109, 0.685, 0.206, 0.34]
[0.159, 0.841, 0.0, -0.5994]
[0.0, 1.0, 0.0, 0.0]
[0.15, 0.726, 0.124, -0.1531]
[0.075, 0.828, 0.097, 0.1584]
[0.0, 0.565, 0.435, 0.9201]
[0.0, 0.911, 0.089, 0.3269]
[0.0, 0.909, 0.091, 0.4019]
[0.0, 0.774, 0.226, 0.657]
[0.262, 0.738, 0.0, -0.659]
[0.143, 0.857, 0.0, -0.1695]
[0.077, 0.814, 0.11, 0.0129]
[0.0, 1.0, 0.0, 0.0]
[0.082, 0.429, 0.489, 0.9446]
[0.0, 0.638, 0.362, 0.6249]
[0.0, 0.85, 0.15, 0.5719]
[0.109, 0.775, 0.116, 0.0516]
[0.0, 0.58, 0.42, 0.4404]
[0.082, 0.727, 0.192, 0.5139]
[0.0, 0.754, 0.246, 0.5563]
[0.066, 0.707, 0.227, 0.8126]
[0.0, 0.701, 0.299, 0.7506]
[0.0, 0.692, 0.308, 0.4588]
[0.0, 0.784, 0.216, 0.5267]
[0.479, 0.137, 0.384, -0.1779]
[0.104, 0.386, 0.511, 0.891]
[0.059, 0.648, 0.293, 0.8074]
[0.0, 0.747, 0.253, 0.6249]
[0.1, 0.627, 0.273, 0.6664]
[0.0, 0.803, 0.197, 0.4927]
[0.081, 0.626, 0.293, 0.8573]
[0.101, 0.683, 0.216, 0.4939]
[0.117, 0.847, 0.036, -0.5423]
[0.0, 0.866, 0.134, 0.4767]
[0.082, 0.377, 0.541, 0.8519]
[0.099, 0.632, 0.269, 0.7351]
[0.0, 0.891, 0.109, 0.2023]
[0.12, 0.723, 0.157, 0.0498]
[0.0, 0.698, 0.302, 0.7579]
[0.0, 0.654, 0.346, 0.5719]
[0.0, 0.662, 0.338, 0.8658]
[0.0, 0.735, 0.265, 0.6597]
[0.173, 0.827, 0.0, -0.3182]
[0.0, 1.0, 0.0, 0.0]
[0.167, 0.833, 0.0, -0.296]
[0.066, 0.656, 0.279, 0.5994]
[0.0, 0.795, 0.205, 0.4767]
[0.0, 0.744, 0.256, 0.6705]
[0.293, 0.707, 0.0, -0.4404]
[0.141, 0.282, 0.577, 0.7351]
[0.0, 0.436, 0.564, 0.3802]
[0.0, 0.682, 0.318, 0.4939]
[0.076, 0.843, 0.08, 0.0258]
[0.0, 1.0, 0.0, 0.0]
[0.0, 0.779, 0.221, 0.6597]
[0.0, 1.0, 0.0, 0.0]
[0.0, 0.665, 0.335, 0.9201]
[0.0, 1.0, 0.0, 0.0]
[0.0, 0.719, 0.281, 0.8225]
[0.0, 0.33, 0.67, 0.9042]
[0.0, 0.89, 0.11, 0.2732]
[0.0, 0.544, 0.456, 0.7717]
[0.0, 1.0, 0.0, 0.0]
[0.0, 0.537, 0.463, 0.7841]
[0.275, 0.196, 0.529, 0.3818]
[0.0, 0.761, 0.239, 0.8442]
[0.105, 0.407, 0.488, 0.765]
[0.262, 0.738, 0.0, -0.7506]
[0.176, 0.609, 0.215, 0.2732]
[0.0, 0.892, 0.108, 0.6249]
[0.13, 0.87, 0.0, -0.5106]
[0.217, 0.637, 0.146, -0.2263]
[0.17, 0.597, 0.233, 0.4588]
[0.0, 0.786, 0.214, 0.7184]
[0.0, 1.0, 0.0, 0.0]
[0.0, 0.776, 0.224, 0.6705]
[0.0, 1.0, 0.0, 0.0]
[0.063, 0.759, 0.178, 0.5423]
[0.0, 0.833, 0.167, 0.3818]
[0.044, 0.889, 0.067, 0.1803]
[0.0, 0.674, 0.326, 0.8271]
[0.0, 1.0, 0.0, 0.0]
[0.0, 0.887, 0.113, 0.6652]
[0.0, 0.749, 0.251, 0.7717]
[0.0, 0.896, 0.104, 0.4215]
[0.0, 0.408, 0.592, 0.7003]
[0.0, 0.898, 0.102, 0.3612]
[0.051, 0.752, 0.197, 0.6428]
[0.462, 0.405, 0.133, -0.8445]
[0.0, 0.575, 0.425, 0.8779]
[0.09, 0.556, 0.354, 0.875]
[0.07, 0.753, 0.177, 0.6249]
[0.0, 0.596, 0.404, 0.9354]
[0.0, 0.781, 0.219, 0.6808]
[0.0, 0.396, 0.604, 0.7269]
[0.0, 1.0, 0.0, 0.0]
[0.0, 0.738, 0.262, 0.5046]
[0.0, 0.625, 0.375, 0.4588]
[0.0, 1.0, 0.0, 0.0]
[0.0, 0.313, 0.688, 0.765]
[0.0, 1.0, 0.0, 0.0]
[0.165, 0.601, 0.234, -0.1001]
[0.0, 0.57, 0.43, 0.8689]
[0.0, 0.402, 0.598, 0.886]
[0.0, 0.493, 0.507, 0.8043]
[0.0, 0.891, 0.109, 0.4019]
[0.144, 0.592, 0.265, 0.6486]
[0.0, 0.649, 0.351, 0.4019]
[0.177, 0.732, 0.091, -0.3035]
[0.117, 0.883, 0.0, -0.2755]
[0.0, 0.844, 0.156, 0.34]
[0.0, 0.749, 0.251, 0.5719]
[0.0, 1.0, 0.0, 0.0]
[0.0, 0.563, 0.437, 0.8519]
[0.0, 0.847, 0.153, 0.4404]
[0.0, 1.0, 0.0, 0.0]
[0.097, 0.641, 0.261, 0.7845]
[0.14, 0.387, 0.472, 0.647]
[0.0, 0.334, 0.666, 0.8745]
[0.287, 0.597, 0.116, -0.5574]
[0.104, 0.549, 0.348, 0.6124]
[0.148, 0.64, 0.212, 0.5106]
[0.221, 0.686, 0.093, -0.3818]
[0.0, 0.876, 0.124, 0.5267]
[0.157, 0.791, 0.052, -0.431]
[0.143, 0.857, 0.0, -0.4588]
[0.164, 0.836, 0.0, -0.6486]
[0.243, 0.464, 0.293, 0.34]
[0.0, 0.819, 0.181, 0.5927]
[0.0, 0.804, 0.196, 0.5994]
[0.156, 0.425, 0.42, 0.6808]
[0.0, 0.798, 0.202, 0.5106]
[0.0, 1.0, 0.0, 0.0]
[0.0, 0.748, 0.252, 0.4019]
[0.161, 0.581, 0.258, 0.3612]
[0.155, 0.345, 0.5, 0.6124]
[0.0, 0.712, 0.288, 0.8176]
[0.0, 0.402, 0.598, 0.886]
[0.0, 0.772, 0.228, 0.7964]
[0.0, 0.777, 0.223, 0.7845]
[0.121, 0.631, 0.248, 0.3415]
[0.2, 0.599, 0.201, 0.0108]
[0.128, 0.809, 0.063, -0.3612]
[0.322, 0.577, 0.101, -0.6801]
[0.0, 1.0, 0.0, 0.0]
[0.131, 0.484, 0.385, 0.7845]
[0.044, 0.671, 0.285, 0.836]
[0.0, 0.635, 0.365, 0.3182]
[0.076, 0.595, 0.329, 0.8537]
[0.0, 0.675, 0.325, 0.891]
[0.0, 0.597, 0.403, 0.6597]
[0.0, 0.795, 0.205, 0.3818]
[0.077, 0.773, 0.15, 0.2449]
[0.0, 0.428, 0.572, 0.893]
[0.0, 0.795, 0.205, 0.7351]
[0.251, 0.749, 0.0, -0.6557]
[0.0, 0.585, 0.415, 0.7964]
[0.107, 0.588, 0.305, 0.5719]
[0.084, 0.837, 0.08, -0.0258]
[0.259, 0.638, 0.103, -0.5267]
[0.0, 1.0, 0.0, 0.0]
[0.0, 1.0, 0.0, 0.0]
[0.0, 1.0, 0.0, 0.0]
[0.0, 0.769, 0.231, 0.2732]
[0.099, 0.675, 0.226, 0.5499]
[0.0, 1.0, 0.0, 0.0]
[0.0, 0.756, 0.244, 0.4404]
[0.0, 0.737, 0.263, 0.6532]
[0.545, 0.248, 0.208, -0.7003]
[0.0, 0.678, 0.322, 0.2263]
[0.0, 0.549, 0.451, 0.802]
[0.0, 1.0, 0.0, 0.0]
[0.0, 0.774, 0.226, 0.836]
[0.0, 0.822, 0.178, 0.7579]
[0.0, 1.0, 0.0, 0.0]
[0.088, 0.542, 0.371, 0.7783]
[0.053, 0.947, 0.0, -0.0286]
[0.0, 0.63, 0.37, 0.5719]
[0.0, 1.0, 0.0, 0.0]
[0.0, 0.267, 0.733, 0.6705]
[0.0, 0.656, 0.344, 0.2732]
[0.145, 0.524, 0.331, 0.8255]
[0.137, 0.633, 0.23, 0.5873]
[0.233, 0.566, 0.201, -0.128]
[0.107, 0.698, 0.195, 0.4404]
[0.141, 0.859, 0.0, -0.5574]
[0.119, 0.625, 0.256, 0.296]
[0.0, 0.27, 0.73, 0.4019]
[0.0, 0.688, 0.313, 0.8402]
[0.0, 0.785, 0.215, 0.7964]
[0.0, 0.839, 0.161, 0.3612]
[0.193, 0.6, 0.207, 0.0516]
[0.0, 0.579, 0.421, 0.8978]
[0.0, 0.811, 0.189, 0.6808]
[0.0, 1.0, 0.0, 0.0]
[0.0, 0.881, 0.119, 0.3182]
[0.0, 0.562, 0.438, 0.8367]
[0.0, 0.828, 0.172, 0.4019]
[0.1, 0.75, 0.15, 0.25]
[0.149, 0.851, 0.0, -0.4215]
[0.056, 0.721, 0.223, 0.743]
[0.0, 0.856, 0.144, 0.4019]
[0.0, 1.0, 0.0, 0.0]
[0.0, 0.866, 0.134, 0.5719]
[0.0, 1.0, 0.0, 0.0]
[0.0, 0.903, 0.097, 0.128]
[0.12, 0.88, 0.0, -0.3412]
[0.0, 0.679, 0.321, 0.6879]
[0.0, 0.674, 0.326, 0.7003]
[0.0, 0.8, 0.2, 0.3612]
[0.0, 0.661, 0.339, 0.9062]
[0.0, 0.796, 0.204, 0.3182]
[0.0, 0.823, 0.177, 0.4215]
[0.0, 1.0, 0.0, 0.0]
[0.0, 1.0, 0.0, 0.0]
[0.0, 0.95, 0.05, 0.0258]
[0.0, 0.71, 0.29, 0.5994]
[0.033, 0.677, 0.29, 0.9349]
[0.288, 0.413, 0.299, 0.0276]
[0.086, 0.714, 0.2, 0.3818]
[0.179, 0.597, 0.224, 0.1531]
[0.0, 0.625, 0.375, 0.8122]
[0.093, 0.713, 0.194, 0.5688]
[0.0, 0.808, 0.192, 0.2263]
[0.0, 0.502, 0.498, 0.8979]
[0.0, 0.854, 0.146, 0.4404]
[0.173, 0.636, 0.191, 0.1531]
[0.243, 0.478, 0.279, 0.0762]
[0.083, 0.831, 0.086, 0.0258]
[0.0, 0.496, 0.504, 0.9041]
[0.0, 1.0, 0.0, 0.0]
[0.087, 0.625, 0.287, 0.4939]
[0.0, 0.898, 0.102, 0.3612]
[0.0, 0.705, 0.295, 0.9107]
[0.225, 0.562, 0.213, -0.0258]
[0.0, 0.811, 0.189, 0.5423]
[0.0, 0.696, 0.304, 0.5859]
[0.6, 0.4, 0.0, -0.8176]
[0.278, 0.722, 0.0, -0.4019]
[0.0, 1.0, 0.0, 0.0]
[0.168, 0.704, 0.128, -0.3687]
[0.0, 1.0, 0.0, 0.0]
[0.0, 0.909, 0.091, 0.1531]
[0.0, 0.471, 0.529, 0.5423]
[0.111, 0.632, 0.257, 0.6005]
[0.0, 0.691, 0.309, 0.8807]
[0.188, 0.564, 0.248, 0.3818]
[0.08, 0.621, 0.298, 0.7149]
[0.0, 0.685, 0.315, 0.3182]
[0.0, 0.738, 0.262, 0.8176]
[0.0, 1.0, 0.0, 0.0]
[0.097, 0.763, 0.14, 0.25]
[0.278, 0.722, 0.0, -0.4013]
[0.08, 0.7, 0.22, 0.4215]
[0.0, 0.882, 0.118, 0.296]
[0.0, 0.879, 0.121, 0.4404]
[0.122, 0.691, 0.188, 0.25]
[0.084, 0.638, 0.279, 0.7003]
[0.0, 0.584, 0.416, 0.431]
[0.187, 0.691, 0.122, -0.1027]
[0.208, 0.65, 0.141, -0.1901]
[0.102, 0.758, 0.14, 0.25]
[0.229, 0.771, 0.0, -0.4549]
[0.0, 0.706, 0.294, 0.3612]
[0.0, 0.75, 0.25, 0.7184]
[0.402, 0.244, 0.354, -0.1027]
[0.0, 1.0, 0.0, 0.0]
[0.127, 0.716, 0.157, 0.2732]
[0.053, 0.818, 0.129, 0.5267]
[0.0, 0.79, 0.21, 0.6113]
[0.17, 0.733, 0.097, -0.296]
[0.08, 0.874, 0.045, -0.2682]
[0.372, 0.385, 0.244, -0.25]
[0.0, 1.0, 0.0, 0.0]
[0.077, 0.657, 0.266, 0.6509]
[0.0, 0.522, 0.478, 0.6697]
[0.0, 1.0, 0.0, 0.0]
[0.0, 0.847, 0.153, 0.2023]
[0.0, 0.865, 0.135, 0.4215]
[0.0, 0.901, 0.099, 0.1655]
[0.117, 0.8, 0.083, -0.25]
[0.0, 0.813, 0.188, 0.4588]
[0.0, 0.764, 0.236, 0.8481]
[0.0, 0.811, 0.189, 0.4939]
[0.0, 0.748, 0.252, 0.7501]
[0.0, 1.0, 0.0, 0.0]
[0.0, 0.64, 0.36, 0.5423]
[0.0, 0.225, 0.775, 0.7845]
[0.179, 0.504, 0.317, 0.5994]
[0.204, 0.578, 0.218, 0.1027]
[0.0, 0.748, 0.252, 0.5719]
[0.0, 1.0, 0.0, 0.0]
[0.225, 0.657, 0.117, -0.3182]
[0.263, 0.672, 0.065, -0.8126]
[0.113, 0.792, 0.094, -0.128]
[0.084, 0.776, 0.14, 0.2263]
[0.193, 0.133, 0.673, 0.802]
[0.13, 0.87, 0.0, -0.4588]
[0.192, 0.641, 0.167, -0.2023]
[0.0, 1.0, 0.0, 0.0]
[0.167, 0.833, 0.0, -0.4939]
[0.03, 0.527, 0.443, 0.9674]
[0.0, 0.798, 0.202, 0.3182]
[0.0, 0.747, 0.253, 0.7964]
[0.0, 0.196, 0.804, 0.6249]
[0.0, 0.676, 0.324, 0.34]
[0.0, 0.756, 0.244, 0.2263]
[0.0, 0.582, 0.418, 0.836]
[0.0, 0.639, 0.361, 0.9062]
[0.066, 0.866, 0.068, 0.0276]
[0.167, 0.833, 0.0, -0.25]
[0.0, 0.654, 0.346, 0.7506]
[0.345, 0.364, 0.291, -0.2228]
[0.128, 0.822, 0.05, -0.3361]
[0.094, 0.906, 0.0, -0.1695]
[0.394, 0.606, 0.0, -0.9398]
[0.106, 0.565, 0.329, 0.8442]
[0.0, 0.857, 0.143, 0.4588]
[0.0, 0.584, 0.416, 0.6908]
[0.0, 1.0, 0.0, 0.0]
[0.0, 0.804, 0.196, 0.6249]
[0.125, 0.875, 0.0, -0.2472]
[0.104, 0.705, 0.191, 0.3818]
[0.063, 0.781, 0.156, 0.3392]
[0.0, 0.532, 0.468, 0.8603]
[0.185, 0.661, 0.154, -0.2732]
[0.176, 0.611, 0.214, 0.128]
[0.0, 0.625, 0.375, 0.5574]
[0.0, 0.798, 0.202, 0.765]
[0.347, 0.653, 0.0, -0.8176]
[0.0, 0.552, 0.448, 0.8847]
[0.0, 0.71, 0.29, 0.6486]
[0.207, 0.595, 0.198, -0.3208]
[0.074, 0.739, 0.187, 0.5574]
[0.049, 0.726, 0.225, 0.7227]
[0.159, 0.77, 0.071, -0.4144]
[0.0, 0.474, 0.526, 0.9062]
[0.0, 0.793, 0.207, 0.7184]
[0.328, 0.521, 0.15, -0.7783]
[0.0, 0.841, 0.159, 0.5267]
[0.0, 0.704, 0.296, 0.6369]
[0.0, 0.821, 0.179, 0.7096]
[0.091, 0.909, 0.0, -0.296]
[0.0, 0.564, 0.436, 0.8176]
[0.259, 0.741, 0.0, -0.4939]
[0.0, 0.846, 0.154, 0.6369]
[0.0, 0.715, 0.285, 0.5563]
[0.183, 0.642, 0.174, -0.0258]
[0.0, 0.684, 0.316, 0.5719]
[0.155, 0.768, 0.077, -0.5023]
[0.0, 0.795, 0.205, 0.4767]
[0.0, 0.545, 0.455, 0.6124]
[0.0, 0.955, 0.045, 0.1655]
[0.0, 0.721, 0.279, 0.4767]
[0.124, 0.876, 0.0, -0.34]
[0.0, 0.845, 0.155, 0.5106]
[0.0, 1.0, 0.0, 0.0]
[0.156, 0.705, 0.139, -0.0865]
[0.066, 0.683, 0.251, 0.6288]
[0.0, 0.42, 0.58, 0.7845]
[0.0, 0.897, 0.103, 0.3182]
[0.175, 0.67, 0.154, -0.1045]
[0.024, 0.714, 0.262, 0.9001]
[0.205, 0.682, 0.114, -0.4215]
[0.0, 0.728, 0.272, 0.6808]
[0.0, 0.596, 0.404, 0.91]
[0.0, 0.829, 0.171, 0.5106]
[0.117, 0.575, 0.308, 0.8519]
[0.0, 0.417, 0.583, 0.6369]
[0.0, 0.865, 0.135, 0.3612]
[0.088, 0.691, 0.221, 0.4404]
[0.0, 0.917, 0.083, 0.2023]
[0.0, 0.667, 0.333, 0.3612]
[0.0, 0.567, 0.433, 0.9186]
[0.053, 0.869, 0.078, 0.2016]
[0.18, 0.534, 0.287, 0.5859]
[0.13, 0.758, 0.112, -0.128]
[0.0, 0.79, 0.21, 0.4927]
[0.0, 0.423, 0.577, 0.6249]
[0.0, 0.788, 0.212, 0.5423]
[0.087, 0.535, 0.378, 0.7717]
[0.157, 0.843, 0.0, -0.0772]
[0.113, 0.595, 0.292, 0.4588]
[0.123, 0.781, 0.097, -0.1779]
[0.107, 0.893, 0.0, -0.4767]
[0.0, 0.735, 0.265, 0.6597]
[0.0, 0.84, 0.16, 0.6075]
[0.0, 1.0, 0.0, 0.0]
[0.0, 0.909, 0.091, 0.2732]
[0.025, 0.809, 0.166, 0.7783]
[0.184, 0.724, 0.092, -0.34]
[0.0, 0.764, 0.236, 0.7579]
[0.039, 0.582, 0.379, 0.923]
[0.0, 1.0, 0.0, 0.0]
[0.0, 0.543, 0.457, 0.7096]
[0.254, 0.563, 0.182, -0.1047]
[0.0, 0.795, 0.205, 0.5994]
[0.0, 0.829, 0.171, 0.5719]
[0.0, 0.488, 0.512, 0.8555]
[0.168, 0.509, 0.323, 0.6369]
[0.103, 0.545, 0.352, 0.7506]
[0.078, 0.623, 0.3, 0.6908]
[0.0, 0.66, 0.34, 0.5574]
[0.0, 0.758, 0.242, 0.6896]
[0.078, 0.784, 0.138, 0.3167]
[0.364, 0.493, 0.142, -0.8439]
[0.0, 0.775, 0.225, 0.4404]
[0.0, 0.646, 0.354, 0.8558]
[0.0, 0.839, 0.161, 0.3182]
[0.0, 0.656, 0.344, 0.6369]
[0.0, 0.789, 0.211, 0.34]
[0.351, 0.426, 0.223, -0.296]
[0.0, 1.0, 0.0, 0.0]
[0.0, 0.86, 0.14, 0.5994]
[0.0, 0.874, 0.126, 0.0772]
[0.0, 0.513, 0.487, 0.2263]
[0.0, 1.0, 0.0, 0.0]
[0.0, 0.926, 0.074, 0.34]
[0.171, 0.526, 0.303, 0.25]
[0.0, 1.0, 0.0, 0.0]
[0.307, 0.693, 0.0, -0.4574]
[0.105, 0.753, 0.142, 0.2263]
[0.0, 0.562, 0.438, 0.5994]
[0.096, 0.721, 0.183, 0.2023]
[0.0, 0.7, 0.3, 0.5927]
[0.0, 0.542, 0.458, 0.8225]
[0.11, 0.777, 0.113, 0.2732]
[0.0, 0.122, 0.878, 0.7351]
[0.089, 0.659, 0.252, 0.4939]
[0.363, 0.637, 0.0, -0.6908]
[0.0, 0.246, 0.754, 0.8481]
[0.0, 0.784, 0.216, 0.765]
[0.0, 0.73, 0.27, 0.8357]
[0.0, 0.864, 0.136, 0.5106]
[0.0, 0.902, 0.098, 0.3804]
[0.334, 0.5, 0.166, -0.7506]
[0.098, 0.677, 0.226, 0.5267]
[0.0, 0.774, 0.226, 0.7906]
[0.0, 0.783, 0.217, 0.3612]
[0.0, 0.9, 0.1, 0.25]
[0.0, 0.808, 0.192, 0.6908]
[0.382, 0.512, 0.106, -0.8442]
[0.0, 0.844, 0.156, 0.5849]
[0.203, 0.621, 0.175, -0.2878]
[0.12, 0.531, 0.349, 0.4895]
[0.0, 0.3, 0.7, 0.9493]
[0.0, 0.522, 0.478, 0.5423]
[0.0, 0.634, 0.366, 0.7579]
[0.135, 0.865, 0.0, -0.5994]
[0.0, 0.566, 0.434, 0.3182]
[0.0, 0.727, 0.273, 0.7841]
[0.0, 0.826, 0.174, 0.2247]
[0.0, 0.653, 0.347, 0.4927]
[0.0, 1.0, 0.0, 0.0]
[0.0, 0.706, 0.294, 0.7579]
[0.0, 0.834, 0.166, 0.714]
[0.0, 0.723, 0.277, 0.5789]
[0.13, 0.634, 0.236, 0.4588]
[0.0, 0.62, 0.38, 0.5994]
[0.0, 0.929, 0.071, 0.3818]
[0.0, 0.917, 0.083, 0.2023]
[0.037, 0.797, 0.165, 0.7422]
[0.0, 1.0, 0.0, 0.0]
[0.115, 0.491, 0.393, 0.9062]
[0.0, 0.893, 0.107, 0.25]
[0.201, 0.69, 0.11, -0.6542]
[0.066, 0.934, 0.0, -0.1419]
[0.159, 0.628, 0.213, 0.2955]
[0.079, 0.716, 0.205, 0.5341]
[0.204, 0.796, 0.0, -0.3182]
[0.0, 0.33, 0.67, 0.7264]
[0.13, 0.769, 0.101, -0.1531]
[0.142, 0.858, 0.0, -0.4854]
[0.0, 0.526, 0.474, 0.4019]
[0.0, 0.773, 0.227, 0.5267]
[0.0, 0.828, 0.172, 0.3612]
[0.0, 0.591, 0.409, 0.8555]
[0.0, 0.798, 0.202, 0.5106]
[0.0, 0.592, 0.408, 0.7351]
[0.0, 0.818, 0.182, 0.5994]
[0.126, 0.699, 0.175, 0.1779]
[0.098, 0.714, 0.188, 0.25]
[0.356, 0.297, 0.347, -0.0516]
[0.0, 0.0, 1.0, 0.7717]
[0.0, 1.0, 0.0, 0.0]
[0.0, 0.879, 0.121, 0.5719]
[0.463, 0.386, 0.151, -0.8442]
[0.0, 0.708, 0.292, 0.5106]
[0.0, 0.671, 0.329, 0.8519]
[0.076, 0.523, 0.401, 0.9042]
[0.155, 0.845, 0.0, -0.5106]
[0.0, 0.89, 0.11, 0.1531]
[0.0, 0.705, 0.295, 0.707]
[0.234, 0.508, 0.259, -0.128]
[0.0, 1.0, 0.0, 0.0]
[0.0, 0.613, 0.387, 0.8442]
[0.065, 0.741, 0.194, 0.5859]
[0.119, 0.713, 0.168, 0.1189]
[0.0, 0.694, 0.306, 0.296]
[0.0, 0.602, 0.398, 0.9688]
[0.159, 0.676, 0.166, 0.0516]
[0.29, 0.546, 0.164, -0.3182]
[0.0, 0.742, 0.258, 0.7876]
[0.0, 1.0, 0.0, 0.0]
[0.04, 0.96, 0.0, -0.0129]
[0.0, 0.651, 0.349, 0.7096]
[0.112, 0.756, 0.132, -0.0772]
[0.0, 0.859, 0.141, 0.2023]
[0.0, 0.603, 0.397, 0.6436]
[0.044, 0.61, 0.346, 0.872]
[0.164, 0.595, 0.242, 0.2732]
[0.071, 0.745, 0.183, 0.5574]
[0.0, 1.0, 0.0, 0.0]
[0.0, 0.626, 0.374, 0.81]
[0.0, 0.851, 0.149, 0.6801]
[0.0, 0.891, 0.109, 0.4404]
[0.0, 0.805, 0.195, 0.4404]
[0.0, 0.392, 0.608, 0.7351]
[0.0, 0.577, 0.423, 0.8316]
[0.0, 0.484, 0.516, 0.7506]
[0.0, 0.843, 0.157, 0.4215]
[0.0, 0.944, 0.056, 0.0772]
[0.049, 0.801, 0.15, 0.5046]
[0.0, 0.796, 0.204, 0.5927]
[0.161, 0.839, 0.0, -0.3182]
[0.225, 0.583, 0.192, -0.2023]
[0.176, 0.583, 0.241, 0.3971]
[0.0, 0.854, 0.146, 0.4077]
[0.057, 0.868, 0.075, 0.1531]
[0.0, 1.0, 0.0, 0.0]
[0.086, 0.721, 0.194, 0.5267]
[0.056, 0.782, 0.162, 0.6187]
[0.0, 0.628, 0.372, 0.7964]
[0.118, 0.577, 0.305, 0.8442]
[0.087, 0.514, 0.399, 0.836]
[0.0, 0.84, 0.16, 0.5859]
[0.101, 0.787, 0.112, 0.0772]
[0.0, 0.377, 0.623, 0.872]
[0.0, 0.795, 0.205, 0.5994]
[0.239, 0.761, 0.0, -0.296]
[0.0, 1.0, 0.0, 0.0]
[0.0, 1.0, 0.0, 0.0]
[0.0, 1.0, 0.0, 0.0]
[0.053, 0.527, 0.421, 0.9621]
[0.0, 0.389, 0.611, 0.9682]
[0.0, 0.793, 0.207, 0.5267]
[0.0, 0.693, 0.307, 0.4767]
[0.0, 0.0, 1.0, 0.7579]
[0.121, 0.682, 0.197, 0.25]
[0.106, 0.708, 0.186, 0.4215]
[0.0, 0.683, 0.317, 0.836]
[0.106, 0.773, 0.121, 0.0772]
[0.0, 0.592, 0.408, 0.7845]
[0.107, 0.893, 0.0, -0.2023]
[0.242, 0.758, 0.0, -0.4939]
[0.1, 0.9, 0.0, -0.4201]
[0.0, 0.835, 0.165, 0.6041]
[0.0, 0.763, 0.237, 0.4767]
[0.202, 0.798, 0.0, -0.5859]
[0.0, 0.875, 0.125, 0.1798]
[0.159, 0.79, 0.051, -0.6558]
[0.0, 1.0, 0.0, 0.0]
[0.234, 0.565, 0.202, -0.1027]
[0.084, 0.571, 0.345, 0.8271]
[0.112, 0.782, 0.106, -0.0258]
[0.118, 0.882, 0.0, -0.3724]
[0.219, 0.633, 0.148, -0.09]
[0.068, 0.805, 0.127, 0.34]
[0.229, 0.382, 0.389, 0.3612]
[0.0, 0.765, 0.235, 0.5903]
[0.2, 0.294, 0.506, 0.6369]
[0.0, 0.617, 0.383, 0.4767]
[0.0, 1.0, 0.0, 0.0]
[0.147, 0.527, 0.326, 0.7778]
[0.129, 0.719, 0.151, 0.0772]
[0.124, 0.876, 0.0, -0.34]
[0.0, 0.446, 0.554, 0.7351]
[0.0, 0.588, 0.412, 0.7906]
[0.0, 0.883, 0.117, 0.6249]
[0.478, 0.38, 0.141, -0.7351]
[0.101, 0.562, 0.337, 0.6369]
[0.0, 1.0, 0.0, 0.0]
[0.0, 0.896, 0.104, 0.1901]
[0.155, 0.629, 0.216, 0.1184]
[0.0, 1.0, 0.0, 0.0]
[0.147, 0.717, 0.137, 0.1779]
[0.0, 0.544, 0.456, 0.7717]
[0.412, 0.588, 0.0, -0.7906]
[0.0, 0.854, 0.146, 0.5542]
[0.0, 0.87, 0.13, 0.4588]
[0.0, 0.772, 0.228, 0.7351]
[0.0, 0.74, 0.26, 0.796]
[0.135, 0.749, 0.116, -0.3763]
[0.249, 0.657, 0.094, -0.6597]
[0.196, 0.435, 0.37, 0.34]
[0.0, 0.575, 0.425, 0.8779]
[0.0, 0.491, 0.509, 0.636]
[0.0, 0.861, 0.139, 0.2732]
[0.0, 0.896, 0.104, 0.4215]
[0.112, 0.888, 0.0, -0.2263]
[0.108, 0.801, 0.091, 0.0644]
[0.0, 0.851, 0.149, 0.6808]
[0.269, 0.652, 0.079, -0.7906]
[0.0, 0.723, 0.277, 0.8316]
[0.0, 0.826, 0.174, 0.2732]
[0.0, 0.787, 0.213, 0.6597]
[0.071, 0.815, 0.114, 0.2023]
[0.102, 0.598, 0.301, 0.6872]
[0.036, 0.608, 0.356, 0.8779]
[0.0, 0.622, 0.378, 0.9209]
[0.114, 0.776, 0.11, -0.0258]
[0.086, 0.698, 0.215, 0.7391]
[0.135, 0.699, 0.166, 0.1779]
[0.0, 0.771, 0.229, 0.4522]
[0.181, 0.468, 0.351, 0.4404]
[0.0, 1.0, 0.0, 0.0]
[0.074, 0.574, 0.351, 0.8481]
[0.217, 0.783, 0.0, -0.6765]
[0.0, 0.543, 0.457, 0.6369]
[0.425, 0.23, 0.345, -0.1759]
[0.0, 0.493, 0.507, 0.8519]
[0.12, 0.708, 0.172, 0.1779]
[0.0, 0.843, 0.157, 0.4215]
[0.303, 0.475, 0.223, -0.5719]
[0.286, 0.714, 0.0, -0.4939]
[0.0, 1.0, 0.0, 0.0]
[0.0, 1.0, 0.0, 0.0]
[0.0, 0.884, 0.116, 0.2732]
[0.091, 0.669, 0.24, 0.5994]
[0.333, 0.667, 0.0, -0.8885]
[0.0, 0.462, 0.538, 0.5423]
[0.088, 0.811, 0.101, 0.0935]
[0.106, 0.705, 0.189, 0.2263]
[0.0, 0.667, 0.333, 0.8402]
[0.089, 0.575, 0.335, 0.7717]
[0.0, 1.0, 0.0, 0.0]
[0.319, 0.681, 0.0, -0.7269]
[0.089, 0.747, 0.164, 0.3818]
[0.0, 0.785, 0.215, 0.5095]
[0.0, 0.877, 0.123, 0.4215]
[0.147, 0.754, 0.099, -0.296]
[0.0, 0.717, 0.283, 0.8074]
[0.255, 0.745, 0.0, -0.8625]
[0.132, 0.343, 0.525, 0.8402]
[0.0, 0.588, 0.412, 0.2732]
[0.0, 0.811, 0.189, 0.6956]
[0.187, 0.813, 0.0, -0.6808]
[0.0, 0.884, 0.116, 0.3612]
[0.322, 0.515, 0.163, -0.5719]
[0.216, 0.784, 0.0, -0.296]
[0.0, 0.722, 0.278, 0.8074]
[0.0, 0.879, 0.121, 0.4019]
[0.0, 0.536, 0.464, 0.8858]
[0.126, 0.531, 0.343, 0.6705]
[0.074, 0.774, 0.152, 0.34]
[0.291, 0.623, 0.087, -0.6798]
[0.112, 0.791, 0.097, -0.1027]
[0.226, 0.654, 0.12, -0.6124]
[0.0, 0.664, 0.336, 0.7964]
[0.092, 0.78, 0.127, 0.0516]
[0.0, 0.684, 0.316, 0.8126]
[0.257, 0.598, 0.145, -0.3102]
[0.053, 0.7, 0.247, 0.7783]
[0.0, 0.659, 0.341, 0.6908]
[0.0, 0.687, 0.313, 0.8442]
[0.0, 0.481, 0.519, 0.6597]
[0.0, 1.0, 0.0, 0.0]
[0.1, 0.815, 0.085, -0.1027]
[0.0, 0.141, 0.859, 0.7269]
[0.0, 0.533, 0.467, 0.9325]
[0.0, 0.8, 0.2, 0.5423]
[0.116, 0.578, 0.307, 0.6486]
[0.0, 0.602, 0.398, 0.5106]
[0.0, 1.0, 0.0, 0.0]
[0.0, 0.909, 0.091, 0.2263]
[0.0, 0.741, 0.259, 0.8271]
[0.0, 1.0, 0.0, 0.0]
[0.0, 1.0, 0.0, 0.0]
[0.0, 0.64, 0.36, 0.7351]
[0.0, 1.0, 0.0, 0.0]
[0.444, 0.556, 0.0, -0.7331]
[0.195, 0.681, 0.124, -0.5106]
[0.333, 0.667, 0.0, -0.3612]
[0.0, 0.878, 0.122, 0.5777]
[0.0, 0.873, 0.127, 0.4939]
[0.37, 0.42, 0.21, -0.2263]
[0.269, 0.731, 0.0, -0.7462]
[0.0, 0.873, 0.127, 0.6369]
[0.0, 1.0, 0.0, 0.0]
[0.158, 0.662, 0.18, 0.1531]
[0.0, 0.783, 0.217, 0.6757]
[0.0, 1.0, 0.0, 0.0]
[0.0, 0.794, 0.206, 0.3818]
[0.0, 0.835, 0.165, 0.1477]
[0.0, 0.919, 0.081, 0.128]
[0.0, 0.876, 0.124, 0.1779]
[0.074, 0.617, 0.309, 0.8591]
[0.12, 0.768, 0.112, -0.1027]
[0.171, 0.583, 0.246, 0.4485]
[0.0, 0.867, 0.133, 0.5574]
[0.0, 1.0, 0.0, 0.0]
[0.0, 0.742, 0.258, 0.7096]
[0.0, 0.606, 0.394, 0.2382]
[0.0, 0.738, 0.262, 0.4927]
[0.153, 0.579, 0.268, 0.4201]
[0.042, 0.865, 0.093, 0.3818]
[0.085, 0.915, 0.0, -0.2411]
[0.101, 0.737, 0.161, 0.0772]
[0.0, 0.604, 0.396, 0.3804]
[0.0, 0.807, 0.193, 0.4767]
[0.0, 1.0, 0.0, 0.0]
[0.0, 1.0, 0.0, 0.0]
[0.0, 0.873, 0.127, 0.4404]
[0.0, 0.75, 0.25, 0.6124]
[0.0, 1.0, 0.0, 0.0]
[0.0, 0.731, 0.269, 0.8834]
[0.235, 0.765, 0.0, -0.5106]
[0.393, 0.481, 0.127, -0.7256]
[0.0, 1.0, 0.0, 0.0]
[0.0, 0.707, 0.293, 0.6597]
[0.0, 0.772, 0.228, 0.7096]
[0.0, 1.0, 0.0, 0.0]
[0.0, 0.701, 0.299, 0.7964]
[0.0, 0.754, 0.246, 0.5994]
[0.0, 1.0, 0.0, 0.0]
[0.219, 0.698, 0.082, -0.4118]
[0.123, 0.877, 0.0, -0.4215]
[0.0, 0.612, 0.388, 0.5859]
[0.0, 1.0, 0.0, 0.0]
[0.126, 0.743, 0.131, 0.0258]
[0.0, 0.665, 0.335, 0.7935]
[0.0, 0.884, 0.116, 0.4939]
[0.0, 0.769, 0.231, 0.5106]
[0.086, 0.667, 0.248, 0.5267]
[0.0, 0.726, 0.274, 0.7783]
[0.0, 0.521, 0.479, 0.5574]
[0.0, 1.0, 0.0, 0.0]
[0.0, 0.659, 0.341, 0.6908]
[0.0, 0.43, 0.57, 0.6486]
[0.089, 0.739, 0.171, 0.2732]
[0.0, 0.852, 0.148, 0.5709]
[0.0, 1.0, 0.0, 0.0]
[0.0, 0.608, 0.392, 0.9493]
[0.196, 0.607, 0.196, -0.0018]
[0.0, 0.725, 0.275, 0.6497]
[0.0, 0.727, 0.273, 0.7184]
[0.17, 0.626, 0.204, 0.4019]
[0.0, 0.856, 0.144, 0.4019]
[0.102, 0.684, 0.215, 0.5859]
[0.0, 0.784, 0.216, 0.7717]
[0.136, 0.593, 0.27, 0.6705]
[0.119, 0.61, 0.271, 0.2488]
[0.0, 0.408, 0.592, 0.891]
[0.434, 0.566, 0.0, -0.3182]
[0.402, 0.503, 0.095, -0.7269]
[0.0, 0.84, 0.16, 0.3071]
[0.0, 0.739, 0.261, 0.7175]
[0.539, 0.234, 0.227, -0.6124]
[0.0, 0.577, 0.423, 0.765]
[0.0, 0.843, 0.157, 0.6597]
[0.0, 0.873, 0.127, 0.4404]
[0.15, 0.761, 0.09, -0.3089]
[0.058, 0.712, 0.23, 0.743]
[0.0, 0.81, 0.19, 0.5719]
[0.0, 1.0, 0.0, 0.0]
[0.182, 0.331, 0.488, 0.5719]
[0.0, 0.777, 0.223, 0.743]
[0.125, 0.641, 0.234, 0.34]
[0.0, 0.902, 0.098, 0.3804]
[0.435, 0.358, 0.207, -0.4903]
[0.0, 0.571, 0.429, 0.8509]
[0.085, 0.736, 0.179, 0.4497]
[0.088, 0.706, 0.206, 0.4574]
[0.0, 0.906, 0.094, 0.3612]
[0.147, 0.79, 0.063, -0.4767]
[0.0, 0.674, 0.326, 0.743]
[0.081, 0.751, 0.168, 0.3612]
[0.045, 0.749, 0.206, 0.8171]
[0.0, 0.845, 0.155, 0.296]
[0.0, 0.63, 0.37, 0.7063]
[0.0, 1.0, 0.0, 0.0]
[0.0, 0.863, 0.137, 0.2263]
[0.056, 0.833, 0.111, 0.1531]
[0.0, 0.934, 0.066, 0.1779]
[0.191, 0.617, 0.191, 0.0]
[0.0, 0.917, 0.083, 0.269]
[0.192, 0.705, 0.104, -0.5023]
[0.0, 0.759, 0.241, 0.5859]
[0.135, 0.697, 0.168, 0.2871]
[0.0, 0.734, 0.266, 0.7003]
[0.0, 0.881, 0.119, 0.3182]
[0.295, 0.602, 0.102, -0.7506]
[0.0, 1.0, 0.0, 0.0]
[0.0, 0.838, 0.162, 0.6652]
[0.0, 0.934, 0.066, 0.2263]
[0.0, 0.606, 0.394, 0.5994]
[0.0, 0.581, 0.419, 0.946]
[0.0, 0.707, 0.293, 0.4404]
[0.0, 0.778, 0.222, 0.7818]
[0.168, 0.832, 0.0, -0.5358]
[0.0, 0.723, 0.277, 0.5574]
[0.0, 0.335, 0.665, 0.9313]
[0.105, 0.765, 0.13, 0.2006]
[0.0, 0.665, 0.335, 0.8625]
[0.0, 0.943, 0.057, 0.1027]
[0.052, 0.639, 0.31, 0.8885]
[0.221, 0.718, 0.061, -0.7918]
[0.085, 0.788, 0.127, 0.1779]
[0.0, 0.624, 0.376, 0.9221]
[0.033, 0.748, 0.219, 0.8565]
[0.114, 0.886, 0.0, -0.5574]
[0.0, 1.0, 0.0, 0.0]
[0.0, 0.791, 0.209, 0.5719]
[0.0, 1.0, 0.0, 0.0]
[0.0, 0.736, 0.264, 0.8555]
[0.0, 0.705, 0.295, 0.7717]
[0.0, 0.743, 0.257, 0.5423]
[0.362, 0.638, 0.0, -0.5267]
[0.0, 0.9, 0.1, 0.25]
[0.135, 0.585, 0.281, 0.3612]
[0.088, 0.807, 0.105, 0.128]
[0.0, 1.0, 0.0, 0.0]
